     #Energy           s           p           d       tot  
   -21.26904     0.00000     0.00000     0.00000     0.00000
   -21.13604     0.00000     0.00000     0.00000     0.00000
   -21.00204     0.00000     0.00000     0.00000     0.00000
   -20.86904     0.00000     0.00000     0.00000     0.00000
   -20.73604     0.00000     0.00000     0.00000     0.00000
   -20.60204     0.00000     0.00000     0.00000     0.00000
   -20.46904     0.00000     0.00000     0.00000     0.00000
   -20.33604     0.00000     0.00000     0.00000     0.00000
   -20.20204     0.00000     0.00000     0.00000     0.00000
   -20.06904     0.00000     0.00000     0.00000     0.00000
   -19.93604     0.00000     0.00000     0.00000     0.00000
   -19.80204     0.00000     0.00000     0.00000     0.00000
   -19.66904     0.00000     0.00000     0.00000     0.00000
   -19.53604     0.00000     0.00000     0.00000     0.00000
   -19.40204     0.00000     0.00000     0.00000     0.00000
   -19.26904     0.00000     0.00000     0.00000     0.00000
   -19.13604     0.00000     0.00000     0.00000     0.00000
   -19.00204     0.00000     0.00000     0.00000     0.00000
   -18.86904     0.00000     0.00000     0.00000     0.00000
   -18.73604     0.00000     0.00000     0.00000     0.00000
   -18.60204     0.00000     0.00000     0.00000     0.00000
   -18.46904     0.00000     0.00000     0.00000     0.00000
   -18.33604     0.00000     0.00000     0.00000     0.00000
   -18.20204     0.00000     0.00000     0.00000     0.00000
   -18.06904     0.00000     0.00000     0.00000     0.00000
   -17.93604     0.00000     0.00000     0.00000     0.00000
   -17.80204     0.00000     0.00000     0.00000     0.00000
   -17.66904     0.00000     0.00000     0.00000     0.00000
   -17.53604     0.00000     0.00000     0.00000     0.00000
   -17.40204     0.00000     0.00000     0.00000     0.00000
   -17.26904     0.00000     0.00000     0.00000     0.00000
   -17.13604     0.00000     0.00000     0.00000     0.00000
   -17.00204     0.00000     0.00000     0.00000     0.00000
   -16.86904     0.00000     0.00000     0.00000     0.00000
   -16.73604     0.00000     0.00000     0.00000     0.00000
   -16.60204     0.00000     0.00000     0.00000     0.00000
   -16.46904     0.00000     0.00000     0.00000     0.00000
   -16.33604     0.00000     0.00000     0.00000     0.00000
   -16.20204     0.00000     0.00000     0.00000     0.00000
   -16.06904     0.00000     0.00000     0.00000     0.00000
   -15.93604     0.00000     0.00000     0.00000     0.00000
   -15.80204     0.00000     0.00000     0.00000     0.00000
   -15.66904     0.00000     0.00000     0.00000     0.00000
   -15.53604     0.00000     0.00000     0.00000     0.00000
   -15.40204     0.00000     0.00000     0.00000     0.00000
   -15.26904     0.00000     0.00000     0.00000     0.00000
   -15.13604     0.00000     0.00000     0.00000     0.00000
   -15.00204     0.00000     0.00000     0.00000     0.00000
   -14.86904     0.00000     0.00000     0.00000     0.00000
   -14.73604     0.00000     0.00000     0.00000     0.00000
   -14.60204     0.00000     0.00000     0.00000     0.00000
   -14.46904     0.00000     0.00000     0.00000     0.00000
   -14.33604     0.00000     0.00000     0.00000     0.00000
   -14.20204     0.00000     0.00000     0.00000     0.00000
   -14.06904     0.00000     0.00000     0.00000     0.00000
   -13.93604     0.00000     0.00000     0.00000     0.00000
   -13.80204     0.00000     0.00000     0.00000     0.00000
   -13.66904     0.00000     0.00000     0.00000     0.00000
   -13.53604     0.00000     0.00000     0.00000     0.00000
   -13.40204     0.00000     0.00000     0.00000     0.00000
   -13.26904     0.00000     0.00000     0.00000     0.00000
   -13.13604     0.00000     0.00000     0.00000     0.00000
   -13.00204     0.00000     0.00000     0.00000     0.00000
   -12.86904     0.00000     0.00000     0.00000     0.00000
   -12.73604     0.00000     0.00000     0.00000     0.00000
   -12.60204    -0.00000    -0.00000     0.00000    -0.00000
   -12.46904    -0.00000    -0.00000     0.00000    -0.00000
   -12.33604    -0.00000    -0.00000     0.00000    -0.00000
   -12.20204    -0.00000    -0.00000     0.00000    -0.00000
   -12.06904    -0.00000    -0.00000     0.00000    -0.00000
   -11.93604    -0.00000    -0.00000     0.00000    -0.00000
   -11.80204    -0.00000    -0.00000     0.00000    -0.00000
   -11.66904    -0.00000    -0.00000     0.00000    -0.00000
   -11.53604    -0.00000    -0.00000     0.00000    -0.00000
   -11.40204    -0.00006    -0.00000     0.00000    -0.00006
   -11.26904    -0.00011    -0.00000     0.00000    -0.00011
   -11.13604     0.00092     0.00000     0.00000     0.00092
   -11.00204    -0.00117     0.00001     0.00000    -0.00115
   -10.86904    -0.01913    -0.00010     0.00000    -0.01923
   -10.73604    -0.04334    -0.00051     0.00000    -0.04385
   -10.60204    -0.05931    -0.00120     0.00000    -0.06051
   -10.46904    -0.07129    -0.00208     0.00000    -0.07336
   -10.33604    -0.08224    -0.00313     0.00000    -0.08537
   -10.20204    -0.09232    -0.00436     0.00000    -0.09668
   -10.06904    -0.10184    -0.00576     0.00000    -0.10760
    -9.93604    -0.11096    -0.00731     0.00000    -0.11827
    -9.80204    -0.11992    -0.00904     0.00000    -0.12896
    -9.66904    -0.12864    -0.01094     0.00000    -0.13958
    -9.53604    -0.13728    -0.01299     0.00000    -0.15027
    -9.40204    -0.14616    -0.01527     0.00000    -0.16143
    -9.26904    -0.15480    -0.01766     0.00000    -0.17246
    -9.13604    -0.16424    -0.02035     0.00000    -0.18459
    -9.00204    -0.17312    -0.02306     0.00000    -0.19618
    -8.86904    -0.18368    -0.02622     0.00000    -0.20990
    -8.73604    -0.19360    -0.02933     0.00000    -0.22293
    -8.60204    -0.20640    -0.03298     0.00000    -0.23938
    -8.46904    -0.21800    -0.03660     0.00000    -0.25460
    -8.33604    -0.22976    -0.04170     0.00000    -0.27146
    -8.20204    -0.26712    -0.04608     0.00000    -0.31320
    -8.06904    -0.38320    -0.04742     0.00000    -0.43062
    -7.93604    -0.58360    -0.04822     0.00000    -0.63182
    -7.80204    -0.75128    -0.05041     0.00000    -0.80169
    -7.66904    -0.71056    -0.05134     0.00000    -0.76190
    -7.53604    -0.52328    -0.05234     0.00000    -0.57562
    -7.40204    -0.37352    -0.05602     0.00000    -0.42954
    -7.26904    -0.34256    -0.08520     0.00000    -0.42776
    -7.13604    -0.40240    -0.14232     0.00000    -0.54472
    -7.00204    -0.46752    -0.16080     0.00000    -0.62832
    -6.86904    -0.49384    -0.14512     0.00000    -0.63896
    -6.73604    -0.40136    -0.14272     0.00000    -0.54408
    -6.60204    -0.21200    -0.15584     0.00000    -0.36784
    -6.46904    -0.10704    -0.16592     0.00000    -0.27296
    -6.33604    -0.06667    -0.21120     0.00000    -0.27787
    -6.20204    -0.05909    -0.33984     0.00000    -0.39893
    -6.06904    -0.06053    -0.38112     0.00000    -0.44165
    -5.93604    -0.03862    -0.22344     0.00000    -0.26206
    -5.80204    -0.01783    -0.15328     0.00000    -0.17111
    -5.66904    -0.01863    -0.21256     0.00000    -0.23119
    -5.53604    -0.03935    -0.30744     0.00000    -0.34679
    -5.40204    -0.05247    -0.36520     0.00000    -0.41767
    -5.26904    -0.03959    -0.31344     0.00000    -0.35303
    -5.13604    -0.03322    -0.28392     0.00000    -0.31714
    -5.00204    -0.03694    -0.27408     0.00000    -0.31102
    -4.86904    -0.03587    -0.26096     0.00000    -0.29683
    -4.73604    -0.03127    -0.27120     0.00000    -0.30247
    -4.60204    -0.02814    -0.29864     0.00000    -0.32678
    -4.46904    -0.02647    -0.30048     0.00000    -0.32695
    -4.33604    -0.02687    -0.30144     0.00000    -0.32831
    -4.20204    -0.03037    -0.28736     0.00000    -0.31773
    -4.06904    -0.03317    -0.29664     0.00000    -0.32981
    -3.93604    -0.02785    -0.31176     0.00000    -0.33961
    -3.80204    -0.02027    -0.29384     0.00000    -0.31411
    -3.66904    -0.01434    -0.24744     0.00000    -0.26178
    -3.53604    -0.01055    -0.19640     0.00000    -0.20695
    -3.40204    -0.00915    -0.17088     0.00000    -0.18003
    -3.26904    -0.01766    -0.17608     0.00000    -0.19374
    -3.13604    -0.03098    -0.19064     0.00000    -0.22162
    -3.00204    -0.02625    -0.16008     0.00000    -0.18633
    -2.86904    -0.01744    -0.12128     0.00000    -0.13872
    -2.73604    -0.01716    -0.10480     0.00000    -0.12196
    -2.60204    -0.01870    -0.09192     0.00000    -0.11062
    -2.46904    -0.01960    -0.07302     0.00000    -0.09262
    -2.33604    -0.02125    -0.06880     0.00000    -0.09005
    -2.20204    -0.02002    -0.09608     0.00000    -0.11610
    -2.06904    -0.01582    -0.11192     0.00000    -0.12774
    -1.93604    -0.01218    -0.07918     0.00000    -0.09135
    -1.80204    -0.01111    -0.04813     0.00000    -0.05924
    -1.66904    -0.01306    -0.05503     0.00000    -0.06810
    -1.53604    -0.01812    -0.07075     0.00000    -0.08887
    -1.40204    -0.02639    -0.06910     0.00000    -0.09549
    -1.26904    -0.03143    -0.05909     0.00000    -0.09052
    -1.13604    -0.04417    -0.05281     0.00000    -0.09698
    -1.00204    -0.14768    -0.06163     0.00000    -0.20931
    -0.86904    -0.29464    -0.06548     0.00000    -0.36012
    -0.73604    -0.25808    -0.05744     0.00000    -0.31552
    -0.60204    -0.17112    -0.05570     0.00000    -0.22682
    -0.46904    -0.16560    -0.05739     0.00000    -0.22299
    -0.33604    -0.17376    -0.06105     0.00000    -0.23481
    -0.20204    -0.17656    -0.06866     0.00000    -0.24522
    -0.06904    -0.17112    -0.08168     0.00000    -0.25280
     0.06396    -0.15112    -0.09472     0.00000    -0.24584
     0.19796    -0.10144    -0.07470     0.00000    -0.17614
     0.33096    -0.03005    -0.02574     0.00000    -0.05578
     0.46396     0.00270    -0.01109     0.00000    -0.00838
     0.59796     0.00101    -0.02294     0.00000    -0.02193
     0.73096    -0.00043    -0.03416     0.00000    -0.03459
     0.86396    -0.00020    -0.04658     0.00000    -0.04678
     0.99796    -0.00028    -0.06346     0.00000    -0.06374
     1.13096    -0.00056    -0.08480     0.00000    -0.08536
     1.26396    -0.00113    -0.11200     0.00000    -0.11313
     1.39796    -0.00226    -0.14736     0.00000    -0.14962
     1.53096    -0.00403    -0.18864     0.00000    -0.19267
     1.66396    -0.00849    -0.28720     0.00000    -0.29569
     1.79796    -0.02518    -0.48768     0.00000    -0.51286
     1.93096    -0.05782    -0.56232     0.00000    -0.62014
     2.06396    -0.08680    -0.46672     0.00000    -0.55352
     2.19796    -0.10160    -0.38440     0.00000    -0.48600
     2.33096    -0.10984    -0.36184     0.00000    -0.47168
     2.46396    -0.11656    -0.34584     0.00000    -0.46240
     2.59796    -0.12256    -0.33400     0.00000    -0.45656
     2.73096    -0.12808    -0.32840     0.00000    -0.45648
     2.86396    -0.13456    -0.31096     0.00000    -0.44552
     2.99796    -0.13888    -0.30312     0.00000    -0.44200
     3.13096    -0.14776    -0.29208     0.00000    -0.43984
     3.26396    -0.15440    -0.27512     0.00000    -0.42952
     3.39796    -0.16728    -0.26480     0.00000    -0.43208
     3.53096    -0.18040    -0.24536     0.00000    -0.42576
     3.66396    -0.21168    -0.23400     0.00000    -0.44568
     3.79796    -0.29232    -0.21296     0.00000    -0.50528
     3.93096    -0.57216    -0.22168     0.00000    -0.79384
     4.06396    -0.97760    -0.25624     0.00000    -1.23384
     4.19796    -0.90800    -0.26400     0.00000    -1.17200
     4.33096    -0.54560    -0.24648     0.00000    -0.79208
     4.46396    -0.40168    -0.23624     0.00000    -0.63792
     4.59796    -0.37888    -0.24088     0.00000    -0.61976
     4.73096    -0.40688    -0.27512     0.00000    -0.68200
     4.86396    -0.42800    -0.29160     0.00000    -0.71960
     4.99796    -0.41512    -0.28416     0.00000    -0.69928
     5.13096    -0.38176    -0.27824     0.00000    -0.66000
     5.26396    -0.35248    -0.25320     0.00000    -0.60568
     5.39796    -0.34080    -0.24888     0.00000    -0.58968
     5.53096    -0.33400    -0.24528     0.00000    -0.57928
     5.66396    -0.31904    -0.21928     0.00000    -0.53832
     5.79796    -0.32904    -0.23928     0.00000    -0.56832
     5.93096    -0.32872    -0.26056     0.00000    -0.58928
     6.06396    -0.33520    -0.26464     0.00000    -0.59984
     6.19796    -0.34952    -0.27016     0.00000    -0.61968
     6.33096    -0.39944    -0.27768     0.00000    -0.67712
     6.46396    -0.43504    -0.27704     0.00000    -0.71208
     6.59796    -0.36136    -0.28784     0.00000    -0.64920
     6.73096    -0.25336    -0.29896     0.00000    -0.55232
     6.86396    -0.18856    -0.29128     0.00000    -0.47984
     6.99796    -0.16584    -0.31344     0.00000    -0.47928
     7.13096    -0.14440    -0.39040     0.00000    -0.53480
     7.26396    -0.14088    -0.55232     0.00000    -0.69320
     7.39796    -0.14288    -0.49288     0.00000    -0.63576
     7.53096    -0.13488    -0.33600     0.00000    -0.47088
     7.66396    -0.14080    -0.36376     0.00000    -0.50456
     7.79796    -0.16512    -0.51040     0.00000    -0.67552
     7.93096    -0.17920    -0.62864     0.00000    -0.80784
     8.06396    -0.16216    -0.56792     0.00000    -0.73008
     8.19796    -0.14224    -0.48376     0.00000    -0.62600
     8.33096    -0.10560    -0.44248     0.00000    -0.54808
     8.46396    -0.07996    -0.44608     0.00000    -0.52604
     8.59796    -0.08704    -0.48408     0.00000    -0.57112
     8.73096    -0.07523    -0.54312     0.00000    -0.61835
     8.86396    -0.07000    -0.63200     0.00000    -0.70200
     8.99796    -0.07362    -0.62528     0.00000    -0.69890
     9.13096    -0.05369    -0.49272     0.00000    -0.54641
     9.26396    -0.02720    -0.26600     0.00000    -0.29320
     9.39796    -0.01281    -0.09280     0.00000    -0.10561
     9.53096    -0.00526    -0.03586     0.00000    -0.04111
     9.66396    -0.00065    -0.01287     0.00000    -0.01353
     9.79796     0.00020    -0.00064     0.00000    -0.00044
     9.93096    -0.00002    -0.00042     0.00000    -0.00043
    10.06396    -0.00002    -0.00029     0.00000    -0.00030
    10.19796    -0.00000     0.00002     0.00000     0.00002
    10.33096    -0.00000    -0.00000     0.00000    -0.00000
    10.46396    -0.00000    -0.00000     0.00000    -0.00000
    10.59796    -0.00000    -0.00000     0.00000    -0.00000
    10.73096    -0.00000    -0.00000     0.00000    -0.00000
    10.86396    -0.00000    -0.00000     0.00000    -0.00000
    10.99796    -0.00000    -0.00000     0.00000    -0.00000
    11.13096    -0.00000    -0.00000     0.00000    -0.00000
    11.26396     0.00000     0.00000     0.00000     0.00000
    11.39796     0.00000     0.00000     0.00000     0.00000
    11.53096     0.00000     0.00000     0.00000     0.00000
    11.66396     0.00000     0.00000     0.00000     0.00000
    11.79796     0.00000     0.00000     0.00000     0.00000
    11.93096     0.00000     0.00000     0.00000     0.00000
    12.06396     0.00000     0.00000     0.00000     0.00000
    12.19796     0.00000     0.00000     0.00000     0.00000
    12.33096     0.00000     0.00000     0.00000     0.00000
    12.46396     0.00000     0.00000     0.00000     0.00000
    12.59796     0.00000     0.00000     0.00000     0.00000
    12.73096     0.00000     0.00000     0.00000     0.00000
    12.86396     0.00000     0.00000     0.00000     0.00000
    12.99796     0.00000     0.00000     0.00000     0.00000
    13.13096     0.00000     0.00000     0.00000     0.00000
    13.26396     0.00000     0.00000     0.00000     0.00000
    13.39796     0.00000     0.00000     0.00000     0.00000
    13.53096     0.00000     0.00000     0.00000     0.00000
    13.66396     0.00000     0.00000     0.00000     0.00000
    13.79796     0.00000     0.00000     0.00000     0.00000
    13.93096     0.00000     0.00000     0.00000     0.00000
    14.06396     0.00000     0.00000     0.00000     0.00000
    14.19796     0.00000     0.00000     0.00000     0.00000
    14.33096     0.00000     0.00000     0.00000     0.00000
    14.46396     0.00000     0.00000     0.00000     0.00000
    14.59796     0.00000     0.00000     0.00000     0.00000
    14.73096     0.00000     0.00000     0.00000     0.00000
    14.86396     0.00000     0.00000     0.00000     0.00000
    14.99796     0.00000     0.00000     0.00000     0.00000
    15.13096     0.00000     0.00000     0.00000     0.00000
    15.26396     0.00000     0.00000     0.00000     0.00000
    15.39796     0.00000     0.00000     0.00000     0.00000
    15.53096     0.00000     0.00000     0.00000     0.00000
    15.66396     0.00000     0.00000     0.00000     0.00000
    15.79796     0.00000     0.00000     0.00000     0.00000
    15.93096     0.00000     0.00000     0.00000     0.00000
    16.06396     0.00000     0.00000     0.00000     0.00000
    16.19796     0.00000     0.00000     0.00000     0.00000
    16.33096     0.00000     0.00000     0.00000     0.00000
    16.46396     0.00000     0.00000     0.00000     0.00000
    16.59796     0.00000     0.00000     0.00000     0.00000
    16.73096     0.00000     0.00000     0.00000     0.00000
    16.86396     0.00000     0.00000     0.00000     0.00000
    16.99796     0.00000     0.00000     0.00000     0.00000
    17.13096     0.00000     0.00000     0.00000     0.00000
    17.26396     0.00000     0.00000     0.00000     0.00000
    17.39796     0.00000     0.00000     0.00000     0.00000
    17.53096     0.00000     0.00000     0.00000     0.00000
    17.66396     0.00000     0.00000     0.00000     0.00000
    17.79796     0.00000     0.00000     0.00000     0.00000
    17.93096     0.00000     0.00000     0.00000     0.00000
    18.06396     0.00000     0.00000     0.00000     0.00000
    18.19796     0.00000     0.00000     0.00000     0.00000
    18.33096     0.00000     0.00000     0.00000     0.00000
    18.46396     0.00000     0.00000     0.00000     0.00000
    18.59796     0.00000     0.00000     0.00000     0.00000
    18.73096     0.00000     0.00000     0.00000     0.00000
