    #Theta        Bulk       Young   Shear_min   Shear_max Poisson_min Poisson_max Compressibility
     0.00000   266.75950   302.00562    82.51739   132.64150     0.13843     0.48420     1.24956
     0.99723   266.75950   302.06886    82.52684   132.56835     0.13857     0.48398     1.24956
     1.99446   266.75950   302.25834    82.55518   132.34972     0.13897     0.48335     1.24956
     2.99169   266.75950   302.57324    82.60241   131.98811     0.13964     0.48228     1.24956
     3.98892   266.75950   303.01226    82.66855   131.48759     0.14057     0.48080     1.24956
     4.98615   266.75950   303.57352    82.75361   130.85373     0.14178     0.47889     1.24956
     5.98338   266.75950   304.25459    82.85760   130.09344     0.14325     0.47657     1.24956
     6.98061   266.75950   305.05247    82.98053   129.21483     0.14499     0.47383     1.24956
     7.97784   266.75950   305.96355    83.12242   128.22702     0.14700     0.47069     1.24956
     8.97507   266.75950   306.98361    83.28330   127.13992     0.14927     0.46714     1.24956
     9.97230   266.75950   308.10779    83.46318   125.96406     0.15181     0.46320     1.24956
    10.96953   266.75950   309.33054    83.66209   124.71039     0.15461     0.45886     1.24956
    11.96676   266.75950   310.64561    83.88005   123.39004     0.15768     0.45415     1.24956
    12.96399   266.75950   312.04605    84.11708   122.01420     0.16102     0.44907     1.24956
    13.96122   266.75950   313.52414    84.37322   120.59392     0.16461     0.44363     1.24956
    14.95845   266.75950   315.07138    84.64848   119.13999     0.16846     0.43785     1.24956
    15.95568   266.75950   316.67850    84.94289   117.66277     0.17256     0.43174     1.24956
    16.95291   266.75950   318.33543    85.25647   116.17218     0.17691     0.42532     1.24956
    17.95014   266.75950   320.03128    85.58923   114.67755     0.18150     0.41861     1.24956
    18.94737   266.75950   321.75439    85.94120   113.18758     0.18632     0.41163     1.24956
    19.94460   266.75950   323.49232    86.31238   111.71034     0.19138     0.40440     1.24956
    20.94183   266.75950   325.23188    86.70278   110.25321     0.19665     0.39696     1.24956
    21.93906   266.75950   326.95918    87.11240   108.82291     0.20212     0.38932     1.24956
    22.93629   266.75950   328.65972    87.54123   107.42548     0.20780     0.38153     1.24956
    23.93352   266.75950   330.31843    87.98926   106.06634     0.21365     0.37360     1.24956
    24.93075   266.75950   331.91978    88.45646   104.75027     0.21966     0.36558     1.24956
    25.92798   266.75950   333.44795    88.94278   103.48152     0.22583     0.35751     1.24956
    26.92521   266.75950   334.88687    89.44820   102.26375     0.23212     0.34942     1.24956
    27.92244   266.75950   336.22048    89.97264   101.10016     0.23852     0.34135     1.24956
    28.91967   266.75950   337.43283    90.51602    99.99349     0.24501     0.33335     1.24956
    29.91690   266.75950   338.50830    91.07826    98.94608     0.25156     0.32545     1.24956
    30.91413   266.75950   339.43180    91.65923    97.95988     0.25816     0.31770     1.24956
    31.91136   266.75950   340.18895    92.25882    97.03655     0.26476     0.31015     1.24956
    32.90859   266.75950   340.76632    92.87685    96.17745     0.27136     0.30283     1.24956
    33.90582   266.75950   341.15164    93.51316    95.38369     0.27791     0.29580     1.24956
    34.90305   266.75950   341.33396    94.16754    94.65618     0.28440     0.28908     1.24956
    35.90028   266.75950   341.30390    93.99565    94.83976     0.28272     0.29080     1.24956
    36.89751   266.75950   341.05375    93.40266    95.52955     0.27675     0.29708     1.24956
    37.89474   266.75950   340.57767    92.87767    96.23662     0.27121     0.30321     1.24956
    38.89197   266.75950   339.87176    92.42100    96.96064     0.26613     0.30918     1.24956
    39.88920   266.75950   338.93420    92.03293    97.70124     0.26153     0.31495     1.24956
    40.88643   266.75950   337.76522    91.71363    98.45802     0.25744     0.32050     1.24956
    41.88366   266.75950   336.36716    91.46324    99.23052     0.25386     0.32583     1.24956
    42.88089   266.75950   334.74444    91.28187   100.01825     0.25082     0.33090     1.24956
    43.87812   266.75950   332.90344    91.16956   100.82068     0.24831     0.33570     1.24956
    44.87535   266.75950   330.85244    91.12636   101.63721     0.24635     0.34022     1.24956
    45.87258   266.75950   328.60148    91.15228   102.46720     0.24493     0.34445     1.24956
    46.86981   266.75950   326.16217    91.24731   103.30996     0.24405     0.34839     1.24956
    47.86704   266.75950   323.54750    91.41143   104.16473     0.24368     0.35202     1.24956
    48.86427   266.75950   320.77166    91.64457   105.03071     0.24382     0.35535     1.24956
    49.86150   266.75950   317.84980    91.94665   105.90703     0.24445     0.35837     1.24956
    50.85873   266.75950   314.79781    92.31754   106.79275     0.24554     0.36109     1.24956
    51.85596   266.75950   311.63211    92.75708   107.68688     0.24707     0.36352     1.24956
    52.85319   266.75950   308.36942    93.26503   108.58836     0.24901     0.36566     1.24956
    53.85042   266.75950   305.02657    93.84105   109.49605     0.25133     0.36751     1.24956
    54.84765   266.75950   301.62029    94.48475   110.40876     0.25400     0.36910     1.24956
    55.84488   266.75950   298.16706    95.19557   111.32523     0.25698     0.37044     1.24956
    56.84211   266.75950   294.68294    95.97284   112.24412     0.26025     0.37152     1.24956
    57.83934   266.75950   291.18343    96.81570   113.16404     0.26376     0.37238     1.24956
    58.83657   266.75950   287.68342    97.72309   114.08351     0.26749     0.37303     1.24956
    59.83380   266.75950   284.19701    98.69372   115.00100     0.27140     0.37348     1.24956
    60.83102   266.75950   280.73753    99.72600   115.91492     0.27545     0.37374     1.24956
    61.82825   266.75950   277.31743   100.81806   116.82361     0.27963     0.37384     1.24956
    62.82548   266.75950   273.94829   101.96766   117.72534     0.28389     0.37379     1.24956
    63.82271   266.75950   270.64080   103.17216   118.61835     0.28821     0.37361     1.24956
    64.81994   266.75950   267.40475   104.42850   119.50080     0.29256     0.37330     1.24956
    65.81717   266.75950   264.24904   105.73311   120.37084     0.29691     0.37289     1.24956
    66.81440   266.75950   261.18175   107.08191   121.22654     0.30124     0.37239     1.24956
    67.81163   266.75950   258.21012   108.47025   122.06597     0.30553     0.37182     1.24956
    68.80886   266.75950   255.34062   109.89287   122.88715     0.30976     0.37118     1.24956
    69.80609   266.75950   252.57898   111.34390   123.68809     0.31389     0.37049     1.24956
    70.80332   266.75950   249.93026   112.81678   124.46680     0.31793     0.36977     1.24956
    71.80055   266.75950   247.39887   114.30429   125.22127     0.32184     0.36902     1.24956
    72.79778   266.75950   244.98865   115.79855   125.94951     0.32562     0.36825     1.24956
    73.79501   266.75950   242.70292   117.29100   126.64955     0.32925     0.36748     1.24956
    74.79224   266.75950   240.54450   118.77247   127.31942     0.33272     0.36671     1.24956
    75.78947   266.75950   238.51581   120.23318   127.95724     0.33601     0.36595     1.24956
    76.78670   266.75950   236.61886   121.66287   128.56114     0.33912     0.36521     1.24956
    77.78393   266.75950   234.85534   123.05085   129.12932     0.34204     0.36450     1.24956
    78.78116   266.75950   233.22665   124.38612   129.66007     0.34475     0.36382     1.24956
    79.77839   266.75950   231.73392   125.65751   130.15175     0.34726     0.36318     1.24956
    80.77562   266.75950   230.37807   126.85385   130.60281     0.34955     0.36258     1.24956
    81.77285   266.75950   229.15984   127.96415   131.01182     0.35162     0.36203     1.24956
    82.77008   266.75950   228.07981   128.97774   131.37746     0.35346     0.36154     1.24956
    83.76731   266.75950   227.13842   129.88454   131.69853     0.35508     0.36110     1.24956
    84.76454   266.75950   226.33602   130.67521   131.97397     0.35646     0.36072     1.24956
    85.76177   266.75950   225.67287   131.34138   132.20287     0.35760     0.36040     1.24956
    86.75900   266.75950   225.14915   131.87581   132.38445     0.35851     0.36015     1.24956
    87.75623   266.75950   224.76499   132.27259   132.51811     0.35918     0.35996     1.24956
    88.75346   266.75950   224.52049   132.52726   132.60338     0.35960     0.35985     1.24956
    89.75069   266.75950   224.41569   132.63692   132.63997     0.35978     0.35979     1.24956
    90.74792   266.75950   224.45062   132.60033   132.62777     0.35972     0.35981     1.24956
    91.74515   266.75950   224.62528   132.41791   132.56681     0.35942     0.35990     1.24956
    92.74238   266.75950   224.93962   132.09172   132.45730     0.35887     0.36005     1.24956
    93.73961   266.75950   225.39357   131.62546   132.29962     0.35809     0.36027     1.24956
    94.73684   266.75950   225.98703   131.02434   132.09429     0.35706     0.36055     1.24956
    95.73407   266.75950   226.71983   130.29494   131.84202     0.35580     0.36090     1.24956
    96.73130   266.75950   227.59176   129.44509   131.54363     0.35430     0.36131     1.24956
    97.72853   266.75950   228.60252   128.48368   131.20014     0.35257     0.36178     1.24956
    98.72576   266.75950   229.75172   127.42043   130.81266     0.35061     0.36230     1.24956
    99.72299   266.75950   231.03883   126.26576   130.38245     0.34843     0.36287     1.24956
   100.72022   266.75950   232.46323   125.03050   129.91089     0.34603     0.36349     1.24956
   101.71745   266.75950   234.02406   123.72577   129.39948     0.34342     0.36415     1.24956
   102.71468   266.75950   235.72033   122.36276   128.84981     0.34060     0.36485     1.24956
   103.71191   266.75950   237.55075   120.95256   128.26354     0.33759     0.36558     1.24956
   104.70914   266.75950   239.51381   119.50605   127.64246     0.33439     0.36633     1.24956
   105.70637   266.75950   241.60764   118.03371   126.98838     0.33100     0.36709     1.24956
   106.70360   266.75950   243.83004   116.54556   126.30318     0.32746     0.36786     1.24956
   107.70083   266.75950   246.17839   115.05110   125.58880     0.32375     0.36863     1.24956
   108.69806   266.75950   248.64964   113.55918   124.84719     0.31990     0.36939     1.24956
   109.69529   266.75950   251.24021   112.07804   124.08035     0.31592     0.37013     1.24956
   110.69252   266.75950   253.94599   110.61523   123.29028     0.31184     0.37084     1.24956
   111.68975   266.75950   256.76223   109.17763   122.47896     0.30765     0.37150     1.24956
   112.68698   266.75950   259.68356   107.77145   121.64841     0.30339     0.37211     1.24956
   113.68421   266.75950   262.70387   106.40226   120.80060     0.29908     0.37265     1.24956
   114.68144   266.75950   265.81633   105.07501   119.93749     0.29474     0.37311     1.24956
   115.67867   266.75950   269.01327   103.79406   119.06101     0.29038     0.37347     1.24956
   116.67590   266.75950   272.28621   102.56323   118.17305     0.28604     0.37371     1.24956
   117.67313   266.75950   275.62580   101.38582   117.27545     0.28175     0.37384     1.24956
   118.67036   266.75950   279.02181   100.26469   116.37003     0.27753     0.37381     1.24956
   119.66759   266.75950   282.46311    99.20226   115.45851     0.27341     0.37363     1.24956
   120.66482   266.75950   285.93766    98.20059   114.54260     0.26942     0.37328     1.24956
   121.66205   266.75950   289.43259    97.26141   113.62392     0.26560     0.37273     1.24956
   122.65928   266.75950   292.93416    96.38614   112.70404     0.26198     0.37198     1.24956
   123.65651   266.75950   296.42788    95.57595   111.78446     0.25858     0.37101     1.24956
   124.65374   266.75950   299.89853    94.83181   110.86660     0.25545     0.36980     1.24956
   125.65097   266.75950   303.33032    94.15447   109.95185     0.25262     0.36834     1.24956
   126.64820   266.75950   306.70697    93.54455   109.04150     0.25013     0.36662     1.24956
   127.64543   266.75950   310.01184    93.00252   108.13677     0.24799     0.36462     1.24956
   128.64266   266.75950   313.22813    92.52875   107.23883     0.24626     0.36234     1.24956
   129.63989   266.75950   316.33905    92.12350   106.34878     0.24494     0.35977     1.24956
   130.63712   266.75950   319.32800    91.78700   105.46764     0.24408     0.35690     1.24956
   131.63435   266.75950   322.17880    91.51937   104.59638     0.24369     0.35372     1.24956
   132.63158   266.75950   324.87589    91.32074   103.73589     0.24380     0.35024     1.24956
   133.62881   266.75950   327.40459    91.19116   102.88703     0.24443     0.34646     1.24956
   134.62604   266.75950   329.75127    91.13068   102.05056     0.24558     0.34238     1.24956
   135.62327   266.75950   331.90360    91.13932   101.22722     0.24727     0.33800     1.24956
   136.62050   266.75950   333.85075    91.21708   100.41767     0.24950     0.33333     1.24956
   137.61773   266.75950   335.58353    91.36392    99.62252     0.25227     0.32839     1.24956
   138.61496   266.75950   337.09460    91.57981    98.84233     0.25558     0.32320     1.24956
   139.61219   266.75950   338.37854    91.86467    98.07764     0.25942     0.31775     1.24956
   140.60942   266.75950   339.43197    92.21838    97.32890     0.26377     0.31209     1.24956
   141.60665   266.75950   340.25360    92.64078    96.59654     0.26861     0.30622     1.24956
   142.60388   266.75950   340.84424    93.13164    95.88095     0.27393     0.30016     1.24956
   143.60111   266.75950   341.20675    93.69068    95.18248     0.27969     0.29395     1.24956
   144.59834   266.75950   341.34600    94.31751    94.50144     0.28585     0.28761     1.24956
   145.59557   266.75950   341.26880    93.83811    95.01161     0.28117     0.29240     1.24956
   146.59280   266.75950   340.98370    93.19274    95.77234     0.27464     0.29928     1.24956
   147.59003   266.75950   340.50090    92.56554    96.59889     0.26806     0.30646     1.24956
   148.58726   266.75950   339.83203    91.95671    97.49026     0.26146     0.31390     1.24956
   149.58449   266.75950   338.98997    91.36641    98.44521     0.25486     0.32155     1.24956
   150.58172   266.75950   337.98864    90.79479    99.46225     0.24828     0.32938     1.24956
   151.57895   266.75950   336.84280    90.24197   100.53956     0.24176     0.33734     1.24956
   152.57618   266.75950   335.56784    89.70804   101.67500     0.23531     0.34538     1.24956
   153.57341   266.75950   334.17957    89.19311   102.86605     0.22896     0.35346     1.24956
   154.57064   266.75950   332.69401    88.69723   104.10974     0.22273     0.36155     1.24956
   155.56787   266.75950   331.12726    88.22046   105.40264     0.21664     0.36960     1.24956
   156.56510   266.75950   329.49526    87.76285   106.74081     0.21070     0.37758     1.24956
   157.56233   266.75950   327.81373    87.32442   108.11973     0.20494     0.38544     1.24956
   158.55956   266.75950   326.09796    86.90519   109.53431     0.19936     0.39316     1.24956
   159.55679   266.75950   324.36275    86.50518   110.97883     0.19398     0.40071     1.24956
   160.55402   266.75950   322.62231    86.12439   112.44689     0.18882     0.40805     1.24956
   161.55125   266.75950   320.89019    85.76282   113.93146     0.18388     0.41515     1.24956
   162.54848   266.75950   319.17920    85.42045   115.42481     0.17917     0.42200     1.24956
   163.54571   266.75950   317.50140    85.09728   116.91855     0.17470     0.42857     1.24956
   164.54294   266.75950   315.86807    84.79329   118.40366     0.17047     0.43483     1.24956
   165.54017   266.75950   314.28968    84.50846   119.87050     0.16650     0.44078     1.24956
   166.53740   266.75950   312.77590    84.24276   121.30894     0.16278     0.44639     1.24956
   167.53463   266.75950   311.33563    83.99618   122.70836     0.15932     0.45165     1.24956
   168.53186   266.75950   309.97695    83.76868   124.05785     0.15612     0.45655     1.24956
   169.52909   266.75950   308.70722    83.56025   125.34626     0.15318     0.46108     1.24956
   170.52632   266.75950   307.53302    83.37086   126.56241     0.15051     0.46522     1.24956
   171.52355   266.75950   306.46025    83.20049   127.69523     0.14810     0.46896     1.24956
   172.52078   266.75950   305.49411    83.04910   128.73397     0.14596     0.47231     1.24956
   173.51801   266.75950   304.63914    82.91669   129.66838     0.14409     0.47525     1.24956
   174.51524   266.75950   303.89925    82.80324   130.48891     0.14248     0.47778     1.24956
   175.51247   266.75950   303.27775    82.70872   131.18692     0.14114     0.47990     1.24956
   176.50970   266.75950   302.77734    82.63312   131.75490     0.14007     0.48159     1.24956
   177.50693   266.75950   302.40018    82.57643   132.18657     0.13927     0.48287     1.24956
   178.50416   266.75950   302.14786    82.53864   132.47710     0.13874     0.48372     1.24956
   179.50139   266.75950   302.02143    82.51975   132.62320     0.13847     0.48414     1.24956
   180.49861   266.75950   302.02143    82.51975   132.62320     0.13847     0.48414     1.24956
   181.49584   266.75950   302.14786    82.53864   132.47710     0.13874     0.48372     1.24956
   182.49307   266.75950   302.40018    82.57643   132.18657     0.13927     0.48287     1.24956
   183.49030   266.75950   302.77734    82.63312   131.75490     0.14007     0.48159     1.24956
   184.48753   266.75950   303.27775    82.70872   131.18692     0.14114     0.47990     1.24956
   185.48476   266.75950   303.89925    82.80324   130.48891     0.14248     0.47778     1.24956
   186.48199   266.75950   304.63914    82.91669   129.66838     0.14409     0.47525     1.24956
   187.47922   266.75950   305.49411    83.04910   128.73397     0.14596     0.47231     1.24956
   188.47645   266.75950   306.46025    83.20049   127.69523     0.14810     0.46896     1.24956
   189.47368   266.75950   307.53302    83.37086   126.56241     0.15051     0.46522     1.24956
   190.47091   266.75950   308.70722    83.56025   125.34626     0.15318     0.46108     1.24956
   191.46814   266.75950   309.97695    83.76868   124.05785     0.15612     0.45655     1.24956
   192.46537   266.75950   311.33563    83.99618   122.70836     0.15932     0.45165     1.24956
   193.46260   266.75950   312.77590    84.24276   121.30894     0.16278     0.44639     1.24956
   194.45983   266.75950   314.28968    84.50846   119.87050     0.16650     0.44078     1.24956
   195.45706   266.75950   315.86807    84.79329   118.40366     0.17047     0.43483     1.24956
   196.45429   266.75950   317.50140    85.09728   116.91855     0.17470     0.42857     1.24956
   197.45152   266.75950   319.17920    85.42045   115.42481     0.17917     0.42200     1.24956
   198.44875   266.75950   320.89019    85.76282   113.93146     0.18388     0.41515     1.24956
   199.44598   266.75950   322.62231    86.12439   112.44689     0.18882     0.40805     1.24956
   200.44321   266.75950   324.36275    86.50518   110.97883     0.19398     0.40071     1.24956
   201.44044   266.75950   326.09796    86.90519   109.53431     0.19936     0.39316     1.24956
   202.43767   266.75950   327.81373    87.32442   108.11973     0.20494     0.38544     1.24956
   203.43490   266.75950   329.49526    87.76285   106.74081     0.21070     0.37758     1.24956
   204.43213   266.75950   331.12726    88.22046   105.40264     0.21664     0.36960     1.24956
   205.42936   266.75950   332.69401    88.69723   104.10974     0.22273     0.36155     1.24956
   206.42659   266.75950   334.17957    89.19311   102.86605     0.22896     0.35346     1.24956
   207.42382   266.75950   335.56784    89.70804   101.67500     0.23531     0.34538     1.24956
   208.42105   266.75950   336.84280    90.24197   100.53956     0.24176     0.33734     1.24956
   209.41828   266.75950   337.98864    90.79479    99.46225     0.24828     0.32938     1.24956
   210.41551   266.75950   338.98997    91.36641    98.44521     0.25486     0.32155     1.24956
   211.41274   266.75950   339.83203    91.95671    97.49026     0.26146     0.31390     1.24956
   212.40997   266.75950   340.50090    92.56554    96.59889     0.26806     0.30646     1.24956
   213.40720   266.75950   340.98370    93.19274    95.77234     0.27464     0.29928     1.24956
   214.40443   266.75950   341.26880    93.83811    95.01161     0.28117     0.29240     1.24956
   215.40166   266.75950   341.34600    94.31751    94.50144     0.28585     0.28761     1.24956
   216.39889   266.75950   341.20675    93.69068    95.18248     0.27969     0.29395     1.24956
   217.39612   266.75950   340.84424    93.13164    95.88095     0.27393     0.30016     1.24956
   218.39335   266.75950   340.25360    92.64078    96.59654     0.26861     0.30622     1.24956
   219.39058   266.75950   339.43197    92.21838    97.32890     0.26377     0.31209     1.24956
   220.38781   266.75950   338.37854    91.86467    98.07764     0.25942     0.31775     1.24956
   221.38504   266.75950   337.09460    91.57981    98.84233     0.25558     0.32320     1.24956
   222.38227   266.75950   335.58353    91.36392    99.62252     0.25227     0.32839     1.24956
   223.37950   266.75950   333.85075    91.21708   100.41767     0.24950     0.33333     1.24956
   224.37673   266.75950   331.90360    91.13932   101.22722     0.24727     0.33800     1.24956
   225.37396   266.75950   329.75127    91.13068   102.05056     0.24558     0.34238     1.24956
   226.37119   266.75950   327.40459    91.19116   102.88703     0.24443     0.34646     1.24956
   227.36842   266.75950   324.87589    91.32074   103.73589     0.24380     0.35024     1.24956
   228.36565   266.75950   322.17880    91.51937   104.59638     0.24369     0.35372     1.24956
   229.36288   266.75950   319.32800    91.78700   105.46764     0.24408     0.35690     1.24956
   230.36011   266.75950   316.33905    92.12350   106.34878     0.24494     0.35977     1.24956
   231.35734   266.75950   313.22813    92.52875   107.23883     0.24626     0.36234     1.24956
   232.35457   266.75950   310.01184    93.00252   108.13677     0.24799     0.36462     1.24956
   233.35180   266.75950   306.70697    93.54455   109.04150     0.25013     0.36662     1.24956
   234.34903   266.75950   303.33032    94.15447   109.95185     0.25262     0.36834     1.24956
   235.34626   266.75950   299.89853    94.83181   110.86660     0.25545     0.36980     1.24956
   236.34349   266.75950   296.42788    95.57595   111.78446     0.25858     0.37101     1.24956
   237.34072   266.75950   292.93416    96.38614   112.70404     0.26198     0.37198     1.24956
   238.33795   266.75950   289.43259    97.26141   113.62392     0.26560     0.37273     1.24956
   239.33518   266.75950   285.93766    98.20059   114.54260     0.26942     0.37328     1.24956
   240.33241   266.75950   282.46311    99.20226   115.45851     0.27341     0.37363     1.24956
   241.32964   266.75950   279.02181   100.26469   116.37003     0.27753     0.37381     1.24956
   242.32687   266.75950   275.62580   101.38582   117.27545     0.28175     0.37384     1.24956
   243.32410   266.75950   272.28621   102.56323   118.17305     0.28604     0.37371     1.24956
   244.32133   266.75950   269.01327   103.79406   119.06101     0.29038     0.37347     1.24956
   245.31856   266.75950   265.81633   105.07501   119.93749     0.29474     0.37311     1.24956
   246.31579   266.75950   262.70387   106.40226   120.80060     0.29908     0.37265     1.24956
   247.31302   266.75950   259.68356   107.77145   121.64841     0.30339     0.37211     1.24956
   248.31025   266.75950   256.76223   109.17763   122.47896     0.30765     0.37150     1.24956
   249.30748   266.75950   253.94599   110.61523   123.29028     0.31184     0.37084     1.24956
   250.30471   266.75950   251.24021   112.07804   124.08035     0.31592     0.37013     1.24956
   251.30194   266.75950   248.64964   113.55918   124.84719     0.31990     0.36939     1.24956
   252.29917   266.75950   246.17839   115.05110   125.58880     0.32375     0.36863     1.24956
   253.29640   266.75950   243.83004   116.54556   126.30318     0.32746     0.36786     1.24956
   254.29363   266.75950   241.60764   118.03371   126.98838     0.33100     0.36709     1.24956
   255.29086   266.75950   239.51381   119.50605   127.64246     0.33439     0.36633     1.24956
   256.28809   266.75950   237.55075   120.95256   128.26354     0.33759     0.36558     1.24956
   257.28532   266.75950   235.72033   122.36276   128.84981     0.34060     0.36485     1.24956
   258.28255   266.75950   234.02406   123.72577   129.39948     0.34342     0.36415     1.24956
   259.27978   266.75950   232.46323   125.03050   129.91089     0.34603     0.36349     1.24956
   260.27701   266.75950   231.03883   126.26576   130.38245     0.34843     0.36287     1.24956
   261.27424   266.75950   229.75172   127.42043   130.81266     0.35061     0.36230     1.24956
   262.27147   266.75950   228.60252   128.48368   131.20014     0.35257     0.36178     1.24956
   263.26870   266.75950   227.59176   129.44509   131.54363     0.35430     0.36131     1.24956
   264.26593   266.75950   226.71983   130.29494   131.84202     0.35580     0.36090     1.24956
   265.26316   266.75950   225.98703   131.02434   132.09429     0.35706     0.36055     1.24956
   266.26039   266.75950   225.39357   131.62546   132.29962     0.35809     0.36027     1.24956
   267.25762   266.75950   224.93962   132.09172   132.45730     0.35887     0.36005     1.24956
   268.25485   266.75950   224.62528   132.41791   132.56681     0.35942     0.35990     1.24956
   269.25208   266.75950   224.45062   132.60033   132.62777     0.35972     0.35981     1.24956
   270.24931   266.75950   224.41569   132.63692   132.63997     0.35978     0.35979     1.24956
   271.24654   266.75950   224.52049   132.52726   132.60338     0.35960     0.35985     1.24956
   272.24377   266.75950   224.76499   132.27259   132.51811     0.35918     0.35996     1.24956
   273.24100   266.75950   225.14915   131.87581   132.38445     0.35851     0.36015     1.24956
   274.23823   266.75950   225.67287   131.34138   132.20287     0.35760     0.36040     1.24956
   275.23546   266.75950   226.33602   130.67521   131.97397     0.35646     0.36072     1.24956
   276.23269   266.75950   227.13842   129.88454   131.69853     0.35508     0.36110     1.24956
   277.22992   266.75950   228.07981   128.97774   131.37746     0.35346     0.36154     1.24956
   278.22715   266.75950   229.15984   127.96415   131.01182     0.35162     0.36203     1.24956
   279.22438   266.75950   230.37807   126.85385   130.60281     0.34955     0.36258     1.24956
   280.22161   266.75950   231.73392   125.65751   130.15175     0.34726     0.36318     1.24956
   281.21884   266.75950   233.22665   124.38612   129.66007     0.34475     0.36382     1.24956
   282.21607   266.75950   234.85534   123.05085   129.12932     0.34204     0.36450     1.24956
   283.21330   266.75950   236.61886   121.66287   128.56114     0.33912     0.36521     1.24956
   284.21053   266.75950   238.51581   120.23318   127.95724     0.33601     0.36595     1.24956
   285.20776   266.75950   240.54450   118.77247   127.31942     0.33272     0.36671     1.24956
   286.20499   266.75950   242.70292   117.29100   126.64955     0.32925     0.36748     1.24956
   287.20222   266.75950   244.98865   115.79855   125.94951     0.32562     0.36825     1.24956
   288.19945   266.75950   247.39887   114.30429   125.22127     0.32184     0.36902     1.24956
   289.19668   266.75950   249.93026   112.81678   124.46680     0.31793     0.36977     1.24956
   290.19391   266.75950   252.57898   111.34390   123.68809     0.31389     0.37049     1.24956
   291.19114   266.75950   255.34062   109.89287   122.88715     0.30976     0.37118     1.24956
   292.18837   266.75950   258.21012   108.47025   122.06597     0.30553     0.37182     1.24956
   293.18560   266.75950   261.18175   107.08191   121.22654     0.30124     0.37239     1.24956
   294.18283   266.75950   264.24904   105.73311   120.37084     0.29691     0.37289     1.24956
   295.18006   266.75950   267.40475   104.42850   119.50080     0.29256     0.37330     1.24956
   296.17729   266.75950   270.64080   103.17216   118.61835     0.28821     0.37361     1.24956
   297.17452   266.75950   273.94829   101.96766   117.72534     0.28389     0.37379     1.24956
   298.17175   266.75950   277.31743   100.81806   116.82361     0.27963     0.37384     1.24956
   299.16898   266.75950   280.73753    99.72600   115.91492     0.27545     0.37374     1.24956
   300.16620   266.75950   284.19701    98.69372   115.00100     0.27140     0.37348     1.24956
   301.16343   266.75950   287.68342    97.72309   114.08351     0.26749     0.37303     1.24956
   302.16066   266.75950   291.18343    96.81570   113.16404     0.26376     0.37238     1.24956
   303.15789   266.75950   294.68294    95.97284   112.24412     0.26025     0.37152     1.24956
   304.15512   266.75950   298.16706    95.19557   111.32523     0.25698     0.37044     1.24956
   305.15235   266.75950   301.62029    94.48475   110.40876     0.25400     0.36910     1.24956
   306.14958   266.75950   305.02657    93.84105   109.49605     0.25133     0.36751     1.24956
   307.14681   266.75950   308.36942    93.26503   108.58836     0.24901     0.36566     1.24956
   308.14404   266.75950   311.63211    92.75708   107.68688     0.24707     0.36352     1.24956
   309.14127   266.75950   314.79781    92.31754   106.79275     0.24554     0.36109     1.24956
   310.13850   266.75950   317.84980    91.94665   105.90703     0.24445     0.35837     1.24956
   311.13573   266.75950   320.77166    91.64457   105.03071     0.24382     0.35535     1.24956
   312.13296   266.75950   323.54750    91.41143   104.16473     0.24368     0.35202     1.24956
   313.13019   266.75950   326.16217    91.24731   103.30996     0.24405     0.34839     1.24956
   314.12742   266.75950   328.60148    91.15228   102.46720     0.24493     0.34445     1.24956
   315.12465   266.75950   330.85244    91.12636   101.63721     0.24635     0.34022     1.24956
   316.12188   266.75950   332.90344    91.16956   100.82068     0.24831     0.33570     1.24956
   317.11911   266.75950   334.74444    91.28187   100.01825     0.25082     0.33090     1.24956
   318.11634   266.75950   336.36716    91.46324    99.23052     0.25386     0.32583     1.24956
   319.11357   266.75950   337.76522    91.71363    98.45802     0.25744     0.32050     1.24956
   320.11080   266.75950   338.93420    92.03293    97.70124     0.26153     0.31495     1.24956
   321.10803   266.75950   339.87176    92.42100    96.96064     0.26613     0.30918     1.24956
   322.10526   266.75950   340.57767    92.87767    96.23662     0.27121     0.30321     1.24956
   323.10249   266.75950   341.05375    93.40266    95.52955     0.27675     0.29708     1.24956
   324.09972   266.75950   341.30390    93.99565    94.83976     0.28272     0.29080     1.24956
   325.09695   266.75950   341.33396    94.16754    94.65618     0.28440     0.28908     1.24956
   326.09418   266.75950   341.15164    93.51316    95.38369     0.27791     0.29580     1.24956
   327.09141   266.75950   340.76632    92.87685    96.17745     0.27136     0.30283     1.24956
   328.08864   266.75950   340.18895    92.25882    97.03655     0.26476     0.31015     1.24956
   329.08587   266.75950   339.43180    91.65923    97.95988     0.25816     0.31770     1.24956
   330.08310   266.75950   338.50830    91.07826    98.94608     0.25156     0.32545     1.24956
   331.08033   266.75950   337.43283    90.51602    99.99349     0.24501     0.33335     1.24956
   332.07756   266.75950   336.22048    89.97264   101.10016     0.23852     0.34135     1.24956
   333.07479   266.75950   334.88687    89.44820   102.26375     0.23212     0.34942     1.24956
   334.07202   266.75950   333.44795    88.94278   103.48152     0.22583     0.35751     1.24956
   335.06925   266.75950   331.91978    88.45646   104.75027     0.21966     0.36558     1.24956
   336.06648   266.75950   330.31843    87.98926   106.06634     0.21365     0.37360     1.24956
   337.06371   266.75950   328.65972    87.54123   107.42548     0.20780     0.38153     1.24956
   338.06094   266.75950   326.95918    87.11240   108.82291     0.20212     0.38932     1.24956
   339.05817   266.75950   325.23188    86.70278   110.25321     0.19665     0.39696     1.24956
   340.05540   266.75950   323.49232    86.31238   111.71034     0.19138     0.40440     1.24956
   341.05263   266.75950   321.75439    85.94120   113.18758     0.18632     0.41163     1.24956
   342.04986   266.75950   320.03128    85.58923   114.67755     0.18150     0.41861     1.24956
   343.04709   266.75950   318.33543    85.25647   116.17218     0.17691     0.42532     1.24956
   344.04432   266.75950   316.67850    84.94289   117.66277     0.17256     0.43174     1.24956
   345.04155   266.75950   315.07138    84.64848   119.13999     0.16846     0.43785     1.24956
   346.03878   266.75950   313.52414    84.37322   120.59392     0.16461     0.44363     1.24956
   347.03601   266.75950   312.04605    84.11708   122.01420     0.16102     0.44907     1.24956
   348.03324   266.75950   310.64561    83.88005   123.39004     0.15768     0.45415     1.24956
   349.03047   266.75950   309.33054    83.66209   124.71039     0.15461     0.45886     1.24956
   350.02770   266.75950   308.10779    83.46318   125.96406     0.15181     0.46320     1.24956
   351.02493   266.75950   306.98361    83.28330   127.13992     0.14927     0.46714     1.24956
   352.02216   266.75950   305.96355    83.12242   128.22702     0.14700     0.47069     1.24956
   353.01939   266.75950   305.05247    82.98053   129.21483     0.14499     0.47383     1.24956
   354.01662   266.75950   304.25459    82.85760   130.09344     0.14325     0.47657     1.24956
   355.01385   266.75950   303.57352    82.75361   130.85373     0.14178     0.47889     1.24956
   356.01108   266.75950   303.01226    82.66855   131.48759     0.14057     0.48080     1.24956
   357.00831   266.75950   302.57324    82.60241   131.98811     0.13964     0.48228     1.24956
   358.00554   266.75950   302.25834    82.55518   132.34972     0.13897     0.48335     1.24956
   359.00277   266.75950   302.06886    82.52684   132.56835     0.13857     0.48398     1.24956
   360.00000   266.75950   302.00562    82.51739   132.64150     0.13843     0.48420     1.24956
