    #Theta        Bulk       Young   Shear_min   Shear_max Poisson_min Poisson_max Compressibility
     0.00000   278.54837   305.07994    88.14858   129.29540     0.17978     0.45514     1.19668
     0.99723   278.54837   305.13082    88.15708   129.24060     0.17990     0.45496     1.19668
     1.99446   278.54837   305.28321    88.18257   129.07672     0.18024     0.45444     1.19668
     2.99169   278.54837   305.53640    88.22506   128.80540     0.18080     0.45357     1.19668
     3.98892   278.54837   305.88921    88.28453   128.42929     0.18160     0.45236     1.19668
     4.98615   278.54837   306.33995    88.36099   127.95204     0.18262     0.45080     1.19668
     5.98338   278.54837   306.88644    88.45444   127.37819     0.18386     0.44890     1.19668
     6.98061   278.54837   307.52603    88.56486   126.71313     0.18532     0.44667     1.19668
     7.97784   278.54837   308.25553    88.69225   125.96296     0.18701     0.44411     1.19668
     8.97507   278.54837   309.07122    88.83659   125.13436     0.18892     0.44122     1.19668
     9.97230   278.54837   309.96888    88.99789   124.23453     0.19105     0.43802     1.19668
    10.96953   278.54837   310.94370    89.17611   123.27102     0.19340     0.43450     1.19668
    11.96676   278.54837   311.99035    89.37126   122.25164     0.19596     0.43069     1.19668
    12.96399   278.54837   313.10292    89.58329   121.18432     0.19873     0.42659     1.19668
    13.96122   278.54837   314.27490    89.81220   120.07703     0.20171     0.42220     1.19668
    14.95845   278.54837   315.49925    90.05795   118.93768     0.20490     0.41756     1.19668
    15.95568   278.54837   316.76829    90.32051   117.77401     0.20828     0.41266     1.19668
    16.95291   278.54837   318.07382    90.59985   116.59353     0.21185     0.40752     1.19668
    17.95014   278.54837   319.40703    90.89591   115.40348     0.21561     0.40217     1.19668
    18.94737   278.54837   320.75859    91.20864   114.21076     0.21954     0.39661     1.19668
    19.94460   278.54837   322.11864    91.53800   113.02186     0.22365     0.39088     1.19668
    20.94183   278.54837   323.47681    91.88391   111.84289     0.22792     0.38498     1.19668
    21.93906   278.54837   324.82233    92.24629   110.67955     0.23234     0.37895     1.19668
    22.93629   278.54837   326.14398    92.62507   109.53707     0.23690     0.37281     1.19668
    23.93352   278.54837   327.43026    93.02015   108.42029     0.24159     0.36658     1.19668
    24.93075   278.54837   328.66938    93.43142   107.33360     0.24639     0.36030     1.19668
    25.92798   278.54837   329.84943    93.85876   106.28099     0.25129     0.35398     1.19668
    26.92521   278.54837   330.95840    94.30204   105.26605     0.25628     0.34767     1.19668
    27.92244   278.54837   331.98432    94.76111   104.29200     0.26134     0.34138     1.19668
    28.91967   278.54837   332.91539    95.23581   103.36171     0.26645     0.33516     1.19668
    29.91690   278.54837   333.74010    95.72595   102.47770     0.27160     0.32902     1.19668
    30.91413   278.54837   334.44733    96.23135   101.64222     0.27676     0.32301     1.19668
    31.91136   278.54837   335.02654    96.75177   100.85722     0.28192     0.31716     1.19668
    32.90859   278.54837   335.46783    97.28699   100.12440     0.28706     0.31149     1.19668
    33.90582   278.54837   335.76215    97.83673    99.44522     0.29216     0.30604     1.19668
    34.90305   278.54837   335.90136    98.40072    98.82097     0.29720     0.30083     1.19668
    35.90028   278.54837   335.87841    98.25271    98.97865     0.29590     0.30216     1.19668
    36.89751   278.54837   335.68739    97.74136    99.57018     0.29126     0.30703     1.19668
    37.89474   278.54837   335.32368    97.28769   100.17495     0.28694     0.31178     1.19668
    38.89197   278.54837   334.78397    96.89234   100.79257     0.28297     0.31640     1.19668
    39.88920   278.54837   334.06637    96.55584   101.42261     0.27936     0.32087     1.19668
    40.88643   278.54837   333.17040    96.27861   102.06462     0.27613     0.32517     1.19668
    41.88366   278.54837   332.09704    96.06098   102.71811     0.27329     0.32930     1.19668
    42.88089   278.54837   330.84872    95.90320   103.38256     0.27084     0.33324     1.19668
    43.87812   278.54837   329.42923    95.80545   104.05742     0.26880     0.33697     1.19668
    44.87535   278.54837   327.84377    95.76784   104.74209     0.26717     0.34050     1.19668
    45.87258   278.54837   326.09877    95.79041   105.43593     0.26595     0.34381     1.19668
    46.86981   278.54837   324.20186    95.87313   106.13828     0.26514     0.34690     1.19668
    47.86704   278.54837   322.16176    96.01591   106.84842     0.26472     0.34976     1.19668
    48.86427   278.54837   319.98814    96.21860   107.56560     0.26469     0.35239     1.19668
    49.86150   278.54837   317.69148    96.48096   108.28903     0.26503     0.35479     1.19668
    50.85873   278.54837   315.28295    96.80268   109.01787     0.26574     0.35697     1.19668
    51.85596   278.54837   312.77428    97.18336   109.75123     0.26679     0.35892     1.19668
    52.85319   278.54837   310.17760    97.62251   110.48820     0.26816     0.36065     1.19668
    53.85042   278.54837   307.50528    98.11950   111.22780     0.26984     0.36217     1.19668
    54.84765   278.54837   304.76987    98.67362   111.96904     0.27180     0.36349     1.19668
    55.84488   278.54837   301.98390    99.28397   112.71087     0.27402     0.36460     1.19668
    56.84211   278.54837   299.15978    99.94952   113.45218     0.27647     0.36553     1.19668
    57.83934   278.54837   296.30975   100.66906   114.19186     0.27913     0.36628     1.19668
    58.83657   278.54837   293.44571   101.44117   114.92872     0.28198     0.36685     1.19668
    59.83380   278.54837   290.57921   102.26420   115.66157     0.28499     0.36728     1.19668
    60.83102   278.54837   287.72133   103.13627   116.38915     0.28814     0.36755     1.19668
    61.82825   278.54837   284.88266   104.05522   117.11021     0.29139     0.36769     1.19668
    62.82548   278.54837   282.07324   105.01859   117.82342     0.29474     0.36771     1.19668
    63.82271   278.54837   279.30254   106.02359   118.52746     0.29814     0.36762     1.19668
    64.81994   278.54837   276.57943   107.06711   119.22098     0.30159     0.36743     1.19668
    65.81717   278.54837   273.91220   108.14564   119.90260     0.30506     0.36715     1.19668
    66.81440   278.54837   271.30851   109.25529   120.57093     0.30853     0.36680     1.19668
    67.81163   278.54837   268.77544   110.39178   121.22457     0.31198     0.36638     1.19668
    68.80886   278.54837   266.31947   111.55038   121.86212     0.31540     0.36590     1.19668
    69.80609   278.54837   263.94654   112.72596   122.48217     0.31876     0.36538     1.19668
    70.80332   278.54837   261.66203   113.91293   123.08332     0.32204     0.36483     1.19668
    71.80055   278.54837   259.47080   115.10529   123.66418     0.32525     0.36425     1.19668
    72.79778   278.54837   257.37723   116.29664   124.22337     0.32835     0.36365     1.19668
    73.79501   278.54837   255.38525   117.48017   124.75955     0.33134     0.36305     1.19668
    74.79224   278.54837   253.49833   118.64874   125.27140     0.33420     0.36244     1.19668
    75.78947   278.54837   251.71959   119.79490   125.75763     0.33693     0.36184     1.19668
    76.78670   278.54837   250.05176   120.91094   126.21699     0.33952     0.36125     1.19668
    77.78393   278.54837   248.49724   121.98899   126.64830     0.34195     0.36068     1.19668
    78.78116   278.54837   247.05812   123.02111   127.05041     0.34421     0.36014     1.19668
    79.77839   278.54837   245.73622   123.99932   127.42226     0.34631     0.35962     1.19668
    80.77562   278.54837   244.53312   124.91579   127.76282     0.34823     0.35914     1.19668
    81.77285   278.54837   243.45016   125.76289   128.07117     0.34997     0.35870     1.19668
    82.77008   278.54837   242.48848   126.53332   128.34645     0.35153     0.35829     1.19668
    83.76731   278.54837   241.64905   127.22025   128.58788     0.35289     0.35794     1.19668
    84.76454   278.54837   240.93267   127.81743   128.79479     0.35405     0.35763     1.19668
    85.76177   278.54837   240.33999   128.31930   128.96658     0.35502     0.35737     1.19668
    86.75900   278.54837   239.87153   128.72107   129.10277     0.35579     0.35716     1.19668
    87.75623   278.54837   239.52769   129.01888   129.20295     0.35635     0.35701     1.19668
    88.75346   278.54837   239.30875   129.20981   129.26684     0.35671     0.35691     1.19668
    89.75069   278.54837   239.21488   129.29197   129.29426     0.35686     0.35687     1.19668
    90.74792   278.54837   239.24617   129.26456   129.28512     0.35681     0.35689     1.19668
    91.74515   278.54837   239.40259   129.12785   129.23945     0.35656     0.35696     1.19668
    92.74238   278.54837   239.68401   128.88318   129.15738     0.35609     0.35708     1.19668
    93.73961   278.54837   240.09021   128.53296   129.03915     0.35543     0.35726     1.19668
    94.73684   278.54837   240.62083   128.08060   128.88511     0.35456     0.35749     1.19668
    95.73407   278.54837   241.27544   127.53043   128.69569     0.35349     0.35778     1.19668
    96.73130   278.54837   242.05343   126.88763   128.47144     0.35223     0.35811     1.19668
    97.72853   278.54837   242.95409   126.15812   128.21299     0.35077     0.35849     1.19668
    98.72576   278.54837   243.97654   125.34848   127.92108     0.34913     0.35891     1.19668
    99.72299   278.54837   245.11973   124.46576   127.59651     0.34729     0.35938     1.19668
   100.72022   278.54837   246.38241   123.51745   127.24018     0.34528     0.35987     1.19668
   101.71745   278.54837   247.76313   122.51129   126.85307     0.34310     0.36041     1.19668
   102.71468   278.54837   249.26020   121.45521   126.43622     0.34075     0.36096     1.19668
   103.71191   278.54837   250.87166   120.35717   125.99074     0.33824     0.36154     1.19668
   104.70914   278.54837   252.59526   119.22510   125.51779     0.33558     0.36214     1.19668
   105.70637   278.54837   254.42845   118.06679   125.01860     0.33279     0.36274     1.19668
   106.70360   278.54837   256.36831   116.88982   124.49442     0.32986     0.36335     1.19668
   107.70083   278.54837   258.41155   115.70151   123.94657     0.32681     0.36395     1.19668
   108.69806   278.54837   260.55447   114.50883   123.37637     0.32366     0.36454     1.19668
   109.69529   278.54837   262.79292   113.31838   122.78519     0.32041     0.36511     1.19668
   110.69252   278.54837   265.12228   112.13639   122.17442     0.31708     0.36565     1.19668
   111.68975   278.54837   267.53743   110.96863   121.54545     0.31370     0.36615     1.19668
   112.68698   278.54837   270.03273   109.82046   120.89967     0.31026     0.36659     1.19668
   113.68421   278.54837   272.60196   108.69683   120.23851     0.30680     0.36698     1.19668
   114.68144   278.54837   275.23834   107.60223   119.56336     0.30333     0.36730     1.19668
   115.67867   278.54837   277.93451   106.54075   118.87562     0.29986     0.36754     1.19668
   116.67590   278.54837   280.68248   105.51607   118.17667     0.29643     0.36768     1.19668
   117.67313   278.54837   283.47369   104.53152   117.46787     0.29305     0.36772     1.19668
   118.67036   278.54837   286.29896   103.59004   116.75058     0.28975     0.36764     1.19668
   119.66759   278.54837   289.14852   102.69424   116.02610     0.28655     0.36743     1.19668
   120.66482   278.54837   292.01207   101.84643   115.29572     0.28347     0.36708     1.19668
   121.66205   278.54837   294.87875   101.04864   114.56071     0.28054     0.36659     1.19668
   122.65928   278.54837   297.73725   100.30263   113.82230     0.27778     0.36592     1.19668
   123.65651   278.54837   300.57584    99.60992   113.08166     0.27522     0.36509     1.19668
   124.65374   278.54837   303.38242    98.97182   112.33995     0.27288     0.36407     1.19668
   125.65097   278.54837   306.14468    98.38947   111.59828     0.27078     0.36286     1.19668
   126.64820   278.54837   308.85011    97.86382   110.85773     0.26896     0.36144     1.19668
   127.64543   278.54837   311.48617    97.39566   110.11932     0.26743     0.35982     1.19668
   128.64266   278.54837   314.04038    96.98568   109.38404     0.26622     0.35797     1.19668
   129.63989   278.54837   316.50047    96.63443   108.65283     0.26534     0.35591     1.19668
   130.63712   278.54837   318.85450    96.34234   107.92659     0.26481     0.35362     1.19668
   131.63435   278.54837   321.09100    96.10978   107.20618     0.26465     0.35110     1.19668
   132.63158   278.54837   323.19913    95.93702   106.49242     0.26488     0.34836     1.19668
   133.62881   278.54837   325.16878    95.82426   105.78609     0.26549     0.34538     1.19668
   134.62604   278.54837   326.99076    95.77160   105.08790     0.26651     0.34218     1.19668
   135.62327   278.54837   328.65687    95.77913   104.39857     0.26794     0.33876     1.19668
   136.62050   278.54837   330.16008    95.84682   103.71873     0.26977     0.33513     1.19668
   137.61773   278.54837   331.49454    95.97460   103.04900     0.27201     0.33129     1.19668
   138.61496   278.54837   332.65578    96.16233   102.38996     0.27466     0.32726     1.19668
   139.61219   278.54837   333.64065    96.40979   101.74214     0.27770     0.32304     1.19668
   140.60942   278.54837   334.44747    96.71671   101.10606     0.28112     0.31865     1.19668
   141.60665   278.54837   335.07597    97.08269   100.48218     0.28491     0.31411     1.19668
   142.60388   278.54837   335.52736    97.50727    99.87094     0.28906     0.30942     1.19668
   143.60111   278.54837   335.80423    97.98987    99.27274     0.29354     0.30461     1.19668
   144.59834   278.54837   335.91055    98.52978    98.68797     0.29833     0.29969     1.19668
   145.59557   278.54837   335.85161    98.11697    99.12616     0.29469     0.30340     1.19668
   146.59280   278.54837   335.63389    97.56006    99.77802     0.28962     0.30874     1.19668
   147.59003   278.54837   335.26501    97.01755   100.48419     0.28450     0.31430     1.19668
   148.58726   278.54837   334.75358    96.48969   101.24330     0.27934     0.32007     1.19668
   149.58449   278.54837   334.10908    95.97676   102.05377     0.27418     0.32600     1.19668
   150.58172   278.54837   333.34175    95.47896   102.91377     0.26902     0.33208     1.19668
   151.57895   278.54837   332.46244    94.99652   103.82122     0.26389     0.33826     1.19668
   152.57618   278.54837   331.48248    94.52961   104.77373     0.25880     0.34452     1.19668
   153.57341   278.54837   330.41355    94.07842   105.76860     0.25378     0.35082     1.19668
   154.57064   278.54837   329.26754    93.64309   106.80280     0.24883     0.35714     1.19668
   155.56787   278.54837   328.05646    93.22377   107.87293     0.24398     0.36345     1.19668
   156.56510   278.54837   326.79227    92.82058   108.97519     0.23923     0.36971     1.19668
   157.56233   278.54837   325.48685    92.43364   110.10539     0.23460     0.37589     1.19668
   158.55956   278.54837   324.15184    92.06305   111.25893     0.23011     0.38198     1.19668
   159.55679   278.54837   322.79862    91.70889   112.43077     0.22577     0.38795     1.19668
   160.55402   278.54837   321.43819    91.37125   113.61544     0.22158     0.39377     1.19668
   161.55125   278.54837   320.08112    91.05019   114.80704     0.21755     0.39941     1.19668
   162.54848   278.54837   318.73753    90.74579   115.99927     0.21370     0.40487     1.19668
   163.54571   278.54837   317.41703    90.45809   117.18541     0.21004     0.41012     1.19668
   164.54294   278.54837   316.12868    90.18713   118.35841     0.20656     0.41514     1.19668
   165.54017   278.54837   314.88100    89.93297   119.51088     0.20328     0.41991     1.19668
   166.53740   278.54837   313.68191    89.69564   120.63518     0.20020     0.42443     1.19668
   167.53463   278.54837   312.53879    89.47516   121.72347     0.19732     0.42867     1.19668
   168.53186   278.54837   311.45841    89.27157   122.76782     0.19465     0.43263     1.19668
   169.52909   278.54837   310.44696    89.08489   123.76025     0.19220     0.43630     1.19668
   170.52632   278.54837   309.51009    88.91512   124.69288     0.18996     0.43966     1.19668
   171.52355   278.54837   308.65285    88.76230   125.55802     0.18794     0.44270     1.19668
   172.52078   278.54837   307.87976    88.62643   126.34828     0.18614     0.44543     1.19668
   173.51801   278.54837   307.19479    88.50753   127.05670     0.18456     0.44783     1.19668
   174.51524   278.54837   306.60138    88.40559   127.67687     0.18321     0.44989     1.19668
   175.51247   278.54837   306.10246    88.32064   128.20304     0.18208     0.45162     1.19668
   176.50970   278.54837   305.70045    88.25267   128.63024     0.18117     0.45301     1.19668
   177.50693   278.54837   305.39727    88.20169   128.95435     0.18049     0.45405     1.19668
   178.50416   278.54837   305.19436    88.16770   129.17222     0.18004     0.45475     1.19668
   179.50139   278.54837   305.09266    88.15071   129.28169     0.17981     0.45509     1.19668
   180.49861   278.54837   305.09266    88.15071   129.28169     0.17981     0.45509     1.19668
   181.49584   278.54837   305.19436    88.16770   129.17222     0.18004     0.45475     1.19668
   182.49307   278.54837   305.39727    88.20169   128.95435     0.18049     0.45405     1.19668
   183.49030   278.54837   305.70045    88.25267   128.63024     0.18117     0.45301     1.19668
   184.48753   278.54837   306.10246    88.32064   128.20304     0.18208     0.45162     1.19668
   185.48476   278.54837   306.60138    88.40559   127.67687     0.18321     0.44989     1.19668
   186.48199   278.54837   307.19479    88.50753   127.05670     0.18456     0.44783     1.19668
   187.47922   278.54837   307.87976    88.62643   126.34828     0.18614     0.44543     1.19668
   188.47645   278.54837   308.65285    88.76230   125.55802     0.18794     0.44270     1.19668
   189.47368   278.54837   309.51009    88.91512   124.69288     0.18996     0.43966     1.19668
   190.47091   278.54837   310.44696    89.08489   123.76025     0.19220     0.43630     1.19668
   191.46814   278.54837   311.45841    89.27157   122.76782     0.19465     0.43263     1.19668
   192.46537   278.54837   312.53879    89.47516   121.72347     0.19732     0.42867     1.19668
   193.46260   278.54837   313.68191    89.69564   120.63518     0.20020     0.42443     1.19668
   194.45983   278.54837   314.88100    89.93297   119.51088     0.20328     0.41991     1.19668
   195.45706   278.54837   316.12868    90.18713   118.35841     0.20656     0.41514     1.19668
   196.45429   278.54837   317.41703    90.45809   117.18541     0.21004     0.41012     1.19668
   197.45152   278.54837   318.73753    90.74579   115.99927     0.21370     0.40487     1.19668
   198.44875   278.54837   320.08112    91.05019   114.80704     0.21755     0.39941     1.19668
   199.44598   278.54837   321.43819    91.37125   113.61544     0.22158     0.39377     1.19668
   200.44321   278.54837   322.79862    91.70889   112.43077     0.22577     0.38795     1.19668
   201.44044   278.54837   324.15184    92.06305   111.25893     0.23011     0.38198     1.19668
   202.43767   278.54837   325.48685    92.43364   110.10539     0.23460     0.37589     1.19668
   203.43490   278.54837   326.79227    92.82058   108.97519     0.23923     0.36971     1.19668
   204.43213   278.54837   328.05646    93.22377   107.87293     0.24398     0.36345     1.19668
   205.42936   278.54837   329.26754    93.64309   106.80280     0.24883     0.35714     1.19668
   206.42659   278.54837   330.41355    94.07842   105.76860     0.25378     0.35082     1.19668
   207.42382   278.54837   331.48248    94.52961   104.77373     0.25880     0.34452     1.19668
   208.42105   278.54837   332.46244    94.99652   103.82122     0.26389     0.33826     1.19668
   209.41828   278.54837   333.34175    95.47896   102.91377     0.26902     0.33208     1.19668
   210.41551   278.54837   334.10908    95.97676   102.05377     0.27418     0.32600     1.19668
   211.41274   278.54837   334.75358    96.48969   101.24330     0.27934     0.32007     1.19668
   212.40997   278.54837   335.26501    97.01755   100.48419     0.28450     0.31430     1.19668
   213.40720   278.54837   335.63389    97.56006    99.77802     0.28962     0.30874     1.19668
   214.40443   278.54837   335.85161    98.11697    99.12616     0.29469     0.30340     1.19668
   215.40166   278.54837   335.91055    98.52978    98.68797     0.29833     0.29969     1.19668
   216.39889   278.54837   335.80423    97.98987    99.27274     0.29354     0.30461     1.19668
   217.39612   278.54837   335.52736    97.50727    99.87094     0.28906     0.30942     1.19668
   218.39335   278.54837   335.07597    97.08269   100.48218     0.28491     0.31411     1.19668
   219.39058   278.54837   334.44747    96.71671   101.10606     0.28112     0.31865     1.19668
   220.38781   278.54837   333.64065    96.40979   101.74214     0.27770     0.32304     1.19668
   221.38504   278.54837   332.65578    96.16233   102.38996     0.27466     0.32726     1.19668
   222.38227   278.54837   331.49454    95.97460   103.04900     0.27201     0.33129     1.19668
   223.37950   278.54837   330.16008    95.84682   103.71873     0.26977     0.33513     1.19668
   224.37673   278.54837   328.65687    95.77913   104.39857     0.26794     0.33876     1.19668
   225.37396   278.54837   326.99076    95.77160   105.08790     0.26651     0.34218     1.19668
   226.37119   278.54837   325.16878    95.82426   105.78609     0.26549     0.34538     1.19668
   227.36842   278.54837   323.19913    95.93702   106.49242     0.26488     0.34836     1.19668
   228.36565   278.54837   321.09100    96.10978   107.20618     0.26465     0.35110     1.19668
   229.36288   278.54837   318.85450    96.34234   107.92659     0.26481     0.35362     1.19668
   230.36011   278.54837   316.50047    96.63443   108.65283     0.26534     0.35591     1.19668
   231.35734   278.54837   314.04038    96.98568   109.38404     0.26622     0.35797     1.19668
   232.35457   278.54837   311.48617    97.39566   110.11932     0.26743     0.35982     1.19668
   233.35180   278.54837   308.85011    97.86382   110.85773     0.26896     0.36144     1.19668
   234.34903   278.54837   306.14468    98.38947   111.59828     0.27078     0.36286     1.19668
   235.34626   278.54837   303.38242    98.97182   112.33995     0.27288     0.36407     1.19668
   236.34349   278.54837   300.57584    99.60992   113.08166     0.27522     0.36509     1.19668
   237.34072   278.54837   297.73725   100.30263   113.82230     0.27778     0.36592     1.19668
   238.33795   278.54837   294.87875   101.04864   114.56071     0.28054     0.36659     1.19668
   239.33518   278.54837   292.01207   101.84643   115.29572     0.28347     0.36708     1.19668
   240.33241   278.54837   289.14852   102.69424   116.02610     0.28655     0.36743     1.19668
   241.32964   278.54837   286.29896   103.59004   116.75058     0.28975     0.36764     1.19668
   242.32687   278.54837   283.47369   104.53152   117.46787     0.29305     0.36772     1.19668
   243.32410   278.54837   280.68248   105.51607   118.17667     0.29643     0.36768     1.19668
   244.32133   278.54837   277.93451   106.54075   118.87562     0.29986     0.36754     1.19668
   245.31856   278.54837   275.23834   107.60223   119.56336     0.30333     0.36730     1.19668
   246.31579   278.54837   272.60196   108.69683   120.23851     0.30680     0.36698     1.19668
   247.31302   278.54837   270.03273   109.82046   120.89967     0.31026     0.36659     1.19668
   248.31025   278.54837   267.53743   110.96863   121.54545     0.31370     0.36615     1.19668
   249.30748   278.54837   265.12228   112.13639   122.17442     0.31708     0.36565     1.19668
   250.30471   278.54837   262.79292   113.31838   122.78519     0.32041     0.36511     1.19668
   251.30194   278.54837   260.55447   114.50883   123.37637     0.32366     0.36454     1.19668
   252.29917   278.54837   258.41155   115.70151   123.94657     0.32681     0.36395     1.19668
   253.29640   278.54837   256.36831   116.88982   124.49442     0.32986     0.36335     1.19668
   254.29363   278.54837   254.42845   118.06679   125.01860     0.33279     0.36274     1.19668
   255.29086   278.54837   252.59526   119.22510   125.51779     0.33558     0.36214     1.19668
   256.28809   278.54837   250.87166   120.35717   125.99074     0.33824     0.36154     1.19668
   257.28532   278.54837   249.26020   121.45521   126.43622     0.34075     0.36096     1.19668
   258.28255   278.54837   247.76313   122.51129   126.85307     0.34310     0.36041     1.19668
   259.27978   278.54837   246.38241   123.51745   127.24018     0.34528     0.35987     1.19668
   260.27701   278.54837   245.11973   124.46576   127.59651     0.34729     0.35938     1.19668
   261.27424   278.54837   243.97654   125.34848   127.92108     0.34913     0.35891     1.19668
   262.27147   278.54837   242.95409   126.15812   128.21299     0.35077     0.35849     1.19668
   263.26870   278.54837   242.05343   126.88763   128.47144     0.35223     0.35811     1.19668
   264.26593   278.54837   241.27544   127.53043   128.69569     0.35349     0.35778     1.19668
   265.26316   278.54837   240.62083   128.08060   128.88511     0.35456     0.35749     1.19668
   266.26039   278.54837   240.09021   128.53296   129.03915     0.35543     0.35726     1.19668
   267.25762   278.54837   239.68401   128.88318   129.15738     0.35609     0.35708     1.19668
   268.25485   278.54837   239.40259   129.12785   129.23945     0.35656     0.35696     1.19668
   269.25208   278.54837   239.24617   129.26456   129.28512     0.35681     0.35689     1.19668
   270.24931   278.54837   239.21488   129.29197   129.29426     0.35686     0.35687     1.19668
   271.24654   278.54837   239.30875   129.20981   129.26684     0.35671     0.35691     1.19668
   272.24377   278.54837   239.52769   129.01888   129.20295     0.35635     0.35701     1.19668
   273.24100   278.54837   239.87153   128.72107   129.10277     0.35579     0.35716     1.19668
   274.23823   278.54837   240.33999   128.31930   128.96658     0.35502     0.35737     1.19668
   275.23546   278.54837   240.93267   127.81743   128.79479     0.35405     0.35763     1.19668
   276.23269   278.54837   241.64905   127.22025   128.58788     0.35289     0.35794     1.19668
   277.22992   278.54837   242.48848   126.53332   128.34645     0.35153     0.35829     1.19668
   278.22715   278.54837   243.45016   125.76289   128.07117     0.34997     0.35870     1.19668
   279.22438   278.54837   244.53312   124.91579   127.76282     0.34823     0.35914     1.19668
   280.22161   278.54837   245.73622   123.99932   127.42226     0.34631     0.35962     1.19668
   281.21884   278.54837   247.05812   123.02111   127.05041     0.34421     0.36014     1.19668
   282.21607   278.54837   248.49724   121.98899   126.64830     0.34195     0.36068     1.19668
   283.21330   278.54837   250.05176   120.91094   126.21699     0.33952     0.36125     1.19668
   284.21053   278.54837   251.71959   119.79490   125.75763     0.33693     0.36184     1.19668
   285.20776   278.54837   253.49833   118.64874   125.27140     0.33420     0.36244     1.19668
   286.20499   278.54837   255.38525   117.48017   124.75955     0.33134     0.36305     1.19668
   287.20222   278.54837   257.37723   116.29664   124.22337     0.32835     0.36365     1.19668
   288.19945   278.54837   259.47080   115.10529   123.66418     0.32525     0.36425     1.19668
   289.19668   278.54837   261.66203   113.91293   123.08332     0.32204     0.36483     1.19668
   290.19391   278.54837   263.94654   112.72596   122.48217     0.31876     0.36538     1.19668
   291.19114   278.54837   266.31947   111.55038   121.86212     0.31540     0.36590     1.19668
   292.18837   278.54837   268.77544   110.39178   121.22457     0.31198     0.36638     1.19668
   293.18560   278.54837   271.30851   109.25529   120.57093     0.30853     0.36680     1.19668
   294.18283   278.54837   273.91220   108.14564   119.90260     0.30506     0.36715     1.19668
   295.18006   278.54837   276.57943   107.06711   119.22098     0.30159     0.36743     1.19668
   296.17729   278.54837   279.30254   106.02359   118.52746     0.29814     0.36762     1.19668
   297.17452   278.54837   282.07324   105.01859   117.82342     0.29474     0.36771     1.19668
   298.17175   278.54837   284.88266   104.05522   117.11021     0.29139     0.36769     1.19668
   299.16898   278.54837   287.72133   103.13627   116.38915     0.28814     0.36755     1.19668
   300.16620   278.54837   290.57921   102.26420   115.66157     0.28499     0.36728     1.19668
   301.16343   278.54837   293.44571   101.44117   114.92872     0.28198     0.36685     1.19668
   302.16066   278.54837   296.30975   100.66906   114.19186     0.27913     0.36628     1.19668
   303.15789   278.54837   299.15978    99.94952   113.45218     0.27647     0.36553     1.19668
   304.15512   278.54837   301.98390    99.28397   112.71087     0.27402     0.36460     1.19668
   305.15235   278.54837   304.76987    98.67362   111.96904     0.27180     0.36349     1.19668
   306.14958   278.54837   307.50528    98.11950   111.22780     0.26984     0.36217     1.19668
   307.14681   278.54837   310.17760    97.62251   110.48820     0.26816     0.36065     1.19668
   308.14404   278.54837   312.77428    97.18336   109.75123     0.26679     0.35892     1.19668
   309.14127   278.54837   315.28295    96.80268   109.01787     0.26574     0.35697     1.19668
   310.13850   278.54837   317.69148    96.48096   108.28903     0.26503     0.35479     1.19668
   311.13573   278.54837   319.98814    96.21860   107.56560     0.26469     0.35239     1.19668
   312.13296   278.54837   322.16176    96.01591   106.84842     0.26472     0.34976     1.19668
   313.13019   278.54837   324.20186    95.87313   106.13828     0.26514     0.34690     1.19668
   314.12742   278.54837   326.09877    95.79041   105.43593     0.26595     0.34381     1.19668
   315.12465   278.54837   327.84377    95.76784   104.74209     0.26717     0.34050     1.19668
   316.12188   278.54837   329.42923    95.80545   104.05742     0.26880     0.33697     1.19668
   317.11911   278.54837   330.84872    95.90320   103.38256     0.27084     0.33324     1.19668
   318.11634   278.54837   332.09704    96.06098   102.71811     0.27329     0.32930     1.19668
   319.11357   278.54837   333.17040    96.27861   102.06462     0.27613     0.32517     1.19668
   320.11080   278.54837   334.06637    96.55584   101.42261     0.27936     0.32087     1.19668
   321.10803   278.54837   334.78397    96.89234   100.79257     0.28297     0.31640     1.19668
   322.10526   278.54837   335.32368    97.28769   100.17495     0.28694     0.31178     1.19668
   323.10249   278.54837   335.68739    97.74136    99.57018     0.29126     0.30703     1.19668
   324.09972   278.54837   335.87841    98.25271    98.97865     0.29590     0.30216     1.19668
   325.09695   278.54837   335.90136    98.40072    98.82097     0.29720     0.30083     1.19668
   326.09418   278.54837   335.76215    97.83673    99.44522     0.29216     0.30604     1.19668
   327.09141   278.54837   335.46783    97.28699   100.12440     0.28706     0.31149     1.19668
   328.08864   278.54837   335.02654    96.75177   100.85722     0.28192     0.31716     1.19668
   329.08587   278.54837   334.44733    96.23135   101.64222     0.27676     0.32301     1.19668
   330.08310   278.54837   333.74010    95.72595   102.47770     0.27160     0.32902     1.19668
   331.08033   278.54837   332.91539    95.23581   103.36171     0.26645     0.33516     1.19668
   332.07756   278.54837   331.98432    94.76111   104.29200     0.26134     0.34138     1.19668
   333.07479   278.54837   330.95840    94.30204   105.26605     0.25628     0.34767     1.19668
   334.07202   278.54837   329.84943    93.85876   106.28099     0.25129     0.35398     1.19668
   335.06925   278.54837   328.66938    93.43142   107.33360     0.24639     0.36030     1.19668
   336.06648   278.54837   327.43026    93.02015   108.42029     0.24159     0.36658     1.19668
   337.06371   278.54837   326.14398    92.62507   109.53707     0.23690     0.37281     1.19668
   338.06094   278.54837   324.82233    92.24629   110.67955     0.23234     0.37895     1.19668
   339.05817   278.54837   323.47681    91.88391   111.84289     0.22792     0.38498     1.19668
   340.05540   278.54837   322.11864    91.53800   113.02186     0.22365     0.39088     1.19668
   341.05263   278.54837   320.75859    91.20864   114.21076     0.21954     0.39661     1.19668
   342.04986   278.54837   319.40703    90.89591   115.40348     0.21561     0.40217     1.19668
   343.04709   278.54837   318.07382    90.59985   116.59353     0.21185     0.40752     1.19668
   344.04432   278.54837   316.76829    90.32051   117.77401     0.20828     0.41266     1.19668
   345.04155   278.54837   315.49925    90.05795   118.93768     0.20490     0.41756     1.19668
   346.03878   278.54837   314.27490    89.81220   120.07703     0.20171     0.42220     1.19668
   347.03601   278.54837   313.10292    89.58329   121.18432     0.19873     0.42659     1.19668
   348.03324   278.54837   311.99035    89.37126   122.25164     0.19596     0.43069     1.19668
   349.03047   278.54837   310.94370    89.17611   123.27102     0.19340     0.43450     1.19668
   350.02770   278.54837   309.96888    88.99789   124.23453     0.19105     0.43802     1.19668
   351.02493   278.54837   309.07122    88.83659   125.13436     0.18892     0.44122     1.19668
   352.02216   278.54837   308.25553    88.69225   125.96296     0.18701     0.44411     1.19668
   353.01939   278.54837   307.52603    88.56486   126.71313     0.18532     0.44667     1.19668
   354.01662   278.54837   306.88644    88.45444   127.37819     0.18386     0.44890     1.19668
   355.01385   278.54837   306.33995    88.36099   127.95204     0.18262     0.45080     1.19668
   356.01108   278.54837   305.88921    88.28453   128.42929     0.18160     0.45236     1.19668
   357.00831   278.54837   305.53640    88.22506   128.80540     0.18080     0.45357     1.19668
   358.00554   278.54837   305.28321    88.18257   129.07672     0.18024     0.45444     1.19668
   359.00277   278.54837   305.13082    88.15708   129.24060     0.17990     0.45496     1.19668
   360.00000   278.54837   305.07994    88.14858   129.29540     0.17978     0.45514     1.19668
