    #Theta        Bulk       Young   Shear_min   Shear_max Poisson_min Poisson_max Compressibility
     0.00000   271.76883   286.20323    82.61064   120.39940     0.18856     0.46040     1.22653
     0.99723   271.76883   286.25035    82.61849   120.34939     0.18868     0.46023     1.22653
     1.99446   271.76883   286.39149    82.64206   120.19984     0.18902     0.45972     1.22653
     2.99169   271.76883   286.62598    82.68132   119.95223     0.18958     0.45887     1.22653
     3.98892   271.76883   286.95272    82.73629   119.60895     0.19038     0.45767     1.22653
     4.98615   271.76883   287.37014    82.80696   119.17329     0.19139     0.45614     1.22653
     5.98338   271.76883   287.87622    82.89333   118.64937     0.19264     0.45428     1.22653
     6.98061   271.76883   288.46847    82.99537   118.04206     0.19410     0.45209     1.22653
     7.97784   271.76883   289.14394    83.11310   117.35687     0.19579     0.44957     1.22653
     8.97507   271.76883   289.89918    83.24649   116.59988     0.19770     0.44674     1.22653
     9.97230   271.76883   290.73024    83.39554   115.77758     0.19983     0.44359     1.22653
    10.96953   271.76883   291.63268    83.56022   114.89684     0.20217     0.44014     1.22653
    11.96676   271.76883   292.60153    83.74053   113.96473     0.20473     0.43639     1.22653
    12.96399   271.76883   293.63130    83.93643   112.98848     0.20749     0.43236     1.22653
    13.96122   271.76883   294.71597    84.14790   111.97533     0.21046     0.42806     1.22653
    14.95845   271.76883   295.84898    84.37492   110.93247     0.21364     0.42350     1.22653
    15.95568   271.76883   297.02323    84.61744   109.86697     0.21701     0.41869     1.22653
    16.95291   271.76883   298.23111    84.87544   108.78570     0.22057     0.41364     1.22653
    17.95014   271.76883   299.46447    85.14886   107.69525     0.22431     0.40839     1.22653
    18.94737   271.76883   300.71466    85.43766   106.60195     0.22824     0.40293     1.22653
    19.94460   271.76883   301.97256    85.74177   105.51175     0.23232     0.39730     1.22653
    20.94183   271.76883   303.22859    86.06114   104.43026     0.23657     0.39151     1.22653
    21.93906   271.76883   304.47277    86.39567   103.36271     0.24097     0.38559     1.22653
    22.93629   271.76883   305.69474    86.74531   102.31394     0.24550     0.37956     1.22653
    23.93352   271.76883   306.88388    87.10994   101.28839     0.25016     0.37344     1.22653
    24.93075   271.76883   308.02932    87.48947   100.29014     0.25492     0.36727     1.22653
    25.92798   271.76883   309.12002    87.88377    99.32287     0.25979     0.36107     1.22653
    26.92521   271.76883   310.14493    88.29273    98.38991     0.26474     0.35486     1.22653
    27.92244   271.76883   311.09300    88.71620    97.49427     0.26975     0.34868     1.22653
    28.91967   271.76883   311.95336    89.15402    96.63860     0.27482     0.34256     1.22653
    29.91690   271.76883   312.71537    89.60602    95.82528     0.27991     0.33654     1.22653
    30.91413   271.76883   313.36880    90.07201    95.05640     0.28502     0.33063     1.22653
    31.91136   271.76883   313.90390    90.55178    94.33379     0.29012     0.32487     1.22653
    32.90859   271.76883   314.31158    91.04510    93.65906     0.29520     0.31929     1.22653
    33.90582   271.76883   314.58347    91.55173    93.03358     0.30024     0.31392     1.22653
    34.90305   271.76883   314.71208    92.07141    92.45857     0.30521     0.30879     1.22653
    35.90028   271.76883   314.69087    91.93503    92.60382     0.30392     0.31010     1.22653
    36.89751   271.76883   314.51441    91.46385    93.14867     0.29934     0.31489     1.22653
    37.89474   271.76883   314.17841    91.04575    93.70561     0.29508     0.31957     1.22653
    38.89197   271.76883   313.67980    90.68136    94.27427     0.29115     0.32411     1.22653
    39.88920   271.76883   313.01682    90.37116    94.85426     0.28757     0.32850     1.22653
    40.88643   271.76883   312.18898    90.11558    95.44515     0.28436     0.33273     1.22653
    41.88366   271.76883   311.19717    89.91493    96.04649     0.28153     0.33677     1.22653
    42.88089   271.76883   310.04357    89.76946    96.65779     0.27909     0.34063     1.22653
    43.87812   271.76883   308.73165    89.67933    97.27853     0.27705     0.34428     1.22653
    44.87535   271.76883   307.26614    89.64465    97.90816     0.27540     0.34772     1.22653
    45.87258   271.76883   305.65294    89.66545    98.54609     0.27415     0.35095     1.22653
    46.86981   271.76883   303.89905    89.74173    99.19170     0.27330     0.35396     1.22653
    47.86704   271.76883   302.01245    89.87338    99.84433     0.27284     0.35673     1.22653
    48.86427   271.76883   300.00201    90.06026   100.50329     0.27275     0.35928     1.22653
    49.86150   271.76883   297.87738    90.30213   101.16783     0.27304     0.36161     1.22653
    50.85873   271.76883   295.64882    90.59871   101.83719     0.27367     0.36370     1.22653
    51.85596   271.76883   293.32713    90.94960   102.51056     0.27465     0.36558     1.22653
    52.85319   271.76883   290.92347    91.35432   103.18708     0.27594     0.36723     1.22653
    53.85042   271.76883   288.44926    91.81230   103.86587     0.27753     0.36868     1.22653
    54.84765   271.76883   285.91605    92.32282   104.54600     0.27940     0.36992     1.22653
    55.84488   271.76883   283.33543    92.88506   105.22651     0.28152     0.37096     1.22653
    56.84211   271.76883   280.71886    93.49802   105.90640     0.28387     0.37182     1.22653
    57.83934   271.76883   278.07765    94.16056   106.58462     0.28643     0.37249     1.22653
    58.83657   271.76883   275.42283    94.87135   107.26011     0.28918     0.37301     1.22653
    59.83380   271.76883   272.76509    95.62882   107.93177     0.29208     0.37336     1.22653
    60.83102   271.76883   270.11470    96.43122   108.59845     0.29512     0.37358     1.22653
    61.82825   271.76883   267.48150    97.27651   109.25900     0.29827     0.37366     1.22653
    62.82548   271.76883   264.87482    98.16239   109.91223     0.30150     0.37362     1.22653
    63.82271   271.76883   262.30347    99.08629   110.55691     0.30481     0.37347     1.22653
    64.81994   271.76883   259.77570   100.04528   111.19181     0.30815     0.37322     1.22653
    65.81717   271.76883   257.29924   101.03612   111.81569     0.31152     0.37289     1.22653
    66.81440   271.76883   254.88125   102.05521   112.42728     0.31489     0.37249     1.22653
    67.81163   271.76883   252.52833   103.09858   113.02530     0.31824     0.37202     1.22653
    68.80886   271.76883   250.24656   104.16187   113.60849     0.32156     0.37150     1.22653
    69.80609   271.76883   248.04148   105.24035   114.17555     0.32483     0.37094     1.22653
    70.80332   271.76883   245.91816   106.32888   114.72523     0.32803     0.37034     1.22653
    71.80055   271.76883   243.88115   107.42196   115.25625     0.33115     0.36973     1.22653
    72.79778   271.76883   241.93459   108.51369   115.76738     0.33417     0.36909     1.22653
    73.79501   271.76883   240.08215   109.59787   116.25739     0.33708     0.36845     1.22653
    74.79224   271.76883   238.32715   110.66795   116.72509     0.33987     0.36781     1.22653
    75.78947   271.76883   236.67250   111.71712   117.16930     0.34253     0.36718     1.22653
    76.78670   271.76883   235.12080   112.73837   117.58892     0.34505     0.36656     1.22653
    77.78393   271.76883   233.67432   113.72453   117.98285     0.34743     0.36597     1.22653
    78.78116   271.76883   232.33505   114.66835   118.35007     0.34964     0.36540     1.22653
    79.77839   271.76883   231.10473   115.56260   118.68961     0.35169     0.36486     1.22653
    80.77562   271.76883   229.98486   116.40016   119.00054     0.35356     0.36435     1.22653
    81.77285   271.76883   228.97672   117.17411   119.28204     0.35526     0.36389     1.22653
    82.77008   271.76883   228.08141   117.87784   119.53333     0.35678     0.36347     1.22653
    83.76731   271.76883   227.29985   118.50516   119.75370     0.35810     0.36310     1.22653
    84.76454   271.76883   226.63282   119.05040   119.94254     0.35924     0.36278     1.22653
    85.76177   271.76883   226.08093   119.50854   120.09933     0.36019     0.36252     1.22653
    86.75900   271.76883   225.64470   119.87526   120.22361     0.36094     0.36230     1.22653
    87.75623   271.76883   225.32450   120.14706   120.31504     0.36149     0.36214     1.22653
    88.75346   271.76883   225.12060   120.32129   120.37334     0.36184     0.36204     1.22653
    89.75069   271.76883   225.03319   120.39627   120.39836     0.36199     0.36200     1.22653
    90.74792   271.76883   225.06233   120.37126   120.39002     0.36194     0.36201     1.22653
    91.74515   271.76883   225.20800   120.24650   120.34834     0.36169     0.36209     1.22653
    92.74238   271.76883   225.47007   120.02321   120.27345     0.36124     0.36222     1.22653
    93.73961   271.76883   225.84833   119.70357   120.16556     0.36059     0.36240     1.22653
    94.73684   271.76883   226.34245   119.29065   120.02497     0.35974     0.36264     1.22653
    95.73407   271.76883   226.95198   118.78837   119.85210     0.35870     0.36294     1.22653
    96.73130   271.76883   227.67636   118.20142   119.64742     0.35746     0.36328     1.22653
    97.72853   271.76883   228.51490   117.53515   119.41151     0.35604     0.36368     1.22653
    98.72576   271.76883   229.46675   116.79551   119.14502     0.35443     0.36412     1.22653
    99.72299   271.76883   230.53090   115.98891   118.84870     0.35264     0.36460     1.22653
   100.72022   271.76883   231.70617   115.12212   118.52336     0.35068     0.36512     1.22653
   101.71745   271.76883   232.99117   114.20218   118.16986     0.34855     0.36568     1.22653
   102.71468   271.76883   234.38427   113.23629   117.78916     0.34626     0.36626     1.22653
   103.71191   271.76883   235.88363   112.23168   117.38226     0.34381     0.36687     1.22653
   104.70914   271.76883   237.48711   111.19558   116.95020     0.34122     0.36749     1.22653
   105.70637   271.76883   239.19228   110.13509   116.49410     0.33849     0.36813     1.22653
   106.70360   271.76883   240.99639   109.05713   116.01510     0.33564     0.36877     1.22653
   107.70083   271.76883   242.89633   107.96837   115.51438     0.33267     0.36941     1.22653
   108.69806   271.76883   244.88860   106.87521   114.99315     0.32960     0.37004     1.22653
   109.69529   271.76883   246.96931   105.78370   114.45264     0.32644     0.37065     1.22653
   110.69252   271.76883   249.13410   104.69953   113.89411     0.32320     0.37123     1.22653
   111.68975   271.76883   251.37819   103.62802   113.31883     0.31991     0.37177     1.22653
   112.68698   271.76883   253.69626   102.57412   112.72807     0.31657     0.37226     1.22653
   113.68421   271.76883   256.08251   101.54237   112.12310     0.31320     0.37270     1.22653
   114.68144   271.76883   258.53060   100.53694   111.50521     0.30983     0.37307     1.22653
   115.67867   271.76883   261.03364    99.56159   110.87566     0.30647     0.37336     1.22653
   116.67590   271.76883   263.58420    98.61977   110.23571     0.30315     0.37356     1.22653
   117.67313   271.76883   266.17429    97.71453   109.58661     0.29988     0.37365     1.22653
   118.67036   271.76883   268.79536    96.84864   108.92957     0.29668     0.37363     1.22653
   119.66759   271.76883   271.43835    96.02452   108.26581     0.29358     0.37349     1.22653
   120.66482   271.76883   274.09367    95.24435   107.59649     0.29061     0.37320     1.22653
   121.66205   271.76883   276.75126    94.51002   106.92278     0.28778     0.37277     1.22653
   122.65928   271.76883   279.40064    93.82318   106.24578     0.28513     0.37218     1.22653
   123.65651   271.76883   282.03092    93.18527   105.56659     0.28267     0.37141     1.22653
   124.65374   271.76883   284.63095    92.59753   104.88627     0.28043     0.37046     1.22653
   125.65097   271.76883   287.18931    92.06104   104.20583     0.27843     0.36932     1.22653
   126.64820   271.76883   289.69446    91.57669   103.52625     0.27670     0.36798     1.22653
   127.64543   271.76883   292.13484    91.14526   102.84848     0.27525     0.36643     1.22653
   128.64266   271.76883   294.49893    90.76739   102.17343     0.27412     0.36467     1.22653
   129.63989   271.76883   296.77543    90.44361   101.50196     0.27331     0.36268     1.22653
   130.63712   271.76883   298.95334    90.17434   100.83491     0.27285     0.36047     1.22653
   131.63435   271.76883   301.02213    89.95993   100.17307     0.27275     0.35804     1.22653
   132.63158   271.76883   302.97180    89.80064    99.51718     0.27302     0.35537     1.22653
   133.62881   271.76883   304.79311    89.69666    98.86798     0.27368     0.35248     1.22653
   134.62604   271.76883   306.47759    89.64811    98.22613     0.27473     0.34937     1.22653
   135.62327   271.76883   308.01775    89.65505    97.59227     0.27618     0.34603     1.22653
   136.62050   271.76883   309.40713    89.71746    96.96701     0.27802     0.34248     1.22653
   137.61773   271.76883   310.64041    89.83528    96.35092     0.28026     0.33872     1.22653
   138.61496   271.76883   311.71347    90.00837    95.74454     0.28290     0.33477     1.22653
   139.61219   271.76883   312.62348    90.23652    95.14837     0.28592     0.33063     1.22653
   140.60942   271.76883   313.36892    90.51946    94.56288     0.28932     0.32632     1.22653
   141.60665   271.76883   313.94958    90.85681    93.98850     0.29307     0.32186     1.22653
   142.60388   271.76883   314.36658    91.24812    93.42565     0.29717     0.31725     1.22653
   143.60111   271.76883   314.62235    91.69285    92.87471     0.30159     0.31251     1.22653
   144.59834   271.76883   314.72057    92.19031    92.33604     0.30632     0.30767     1.22653
   145.59557   271.76883   314.66612    91.80996    92.73970     0.30273     0.31132     1.22653
   146.59280   271.76883   314.46499    91.29677    93.34008     0.29772     0.31657     1.22653
   147.59003   271.76883   314.12421    90.79676    93.99035     0.29266     0.32205     1.22653
   148.58726   271.76883   313.65173    90.31018    94.68921     0.28757     0.32773     1.22653
   149.58449   271.76883   313.05628    89.83728    95.43517     0.28246     0.33356     1.22653
   150.58172   271.76883   312.34731    89.37826    96.22651     0.27736     0.33954     1.22653
   151.57895   271.76883   311.53482    88.93333    97.06128     0.27228     0.34561     1.22653
   152.57618   271.76883   310.62926    88.50266    97.93725     0.26724     0.35177     1.22653
   153.57341   271.76883   309.64139    88.08643    98.85191     0.26226     0.35796     1.22653
   154.57064   271.76883   308.58220    87.68478    99.80241     0.25735     0.36417     1.22653
   155.56787   271.76883   307.46275    87.29785   100.78562     0.25253     0.37036     1.22653
   156.56510   271.76883   306.29409    86.92575   101.79800     0.24781     0.37651     1.22653
   157.56233   271.76883   305.08719    86.56861   102.83569     0.24322     0.38259     1.22653
   158.55956   271.76883   303.85280    86.22651   103.89443     0.23875     0.38857     1.22653
   159.55679   271.76883   302.60143    85.89955   104.96958     0.23443     0.39442     1.22653
   160.55402   271.76883   301.34324    85.58781   106.05610     0.23026     0.40014     1.22653
   161.55125   271.76883   300.08802    85.29134   107.14858     0.22625     0.40568     1.22653
   162.54848   271.76883   298.84513    85.01023   108.24122     0.22242     0.41104     1.22653
   163.54571   271.76883   297.62346    84.74451   109.32789     0.21877     0.41619     1.22653
   164.54294   271.76883   296.43141    84.49425   110.40212     0.21530     0.42112     1.22653
   165.54017   271.76883   295.27686    84.25947   111.45717     0.21203     0.42581     1.22653
   166.53740   271.76883   294.16717    84.04022   112.48607     0.20895     0.43025     1.22653
   167.53463   271.76883   293.10917    83.83653   113.48167     0.20608     0.43441     1.22653
   168.53186   271.76883   292.10914    83.64842   114.43676     0.20342     0.43830     1.22653
   169.52909   271.76883   291.17284    83.47593   115.34408     0.20097     0.44190     1.22653
   170.52632   271.76883   290.30550    83.31906   116.19647     0.19874     0.44520     1.22653
   171.52355   271.76883   289.51182    83.17784   116.98695     0.19672     0.44819     1.22653
   172.52078   271.76883   288.79601    83.05228   117.70884     0.19492     0.45087     1.22653
   173.51801   271.76883   288.16175    82.94239   118.35581     0.19334     0.45322     1.22653
   174.51524   271.76883   287.61224    82.84818   118.92207     0.19199     0.45525     1.22653
   175.51247   271.76883   287.15021    82.76967   119.40242     0.19086     0.45695     1.22653
   176.50970   271.76883   286.77791    82.70685   119.79236     0.18995     0.45831     1.22653
   177.50693   271.76883   286.49712    82.65973   120.08817     0.18927     0.45934     1.22653
   178.50416   271.76883   286.30920    82.62831   120.28699     0.18882     0.46002     1.22653
   179.50139   271.76883   286.21501    82.61260   120.38689     0.18859     0.46036     1.22653
   180.49861   271.76883   286.21501    82.61260   120.38689     0.18859     0.46036     1.22653
   181.49584   271.76883   286.30920    82.62831   120.28699     0.18882     0.46002     1.22653
   182.49307   271.76883   286.49712    82.65973   120.08817     0.18927     0.45934     1.22653
   183.49030   271.76883   286.77791    82.70685   119.79236     0.18995     0.45831     1.22653
   184.48753   271.76883   287.15021    82.76967   119.40242     0.19086     0.45695     1.22653
   185.48476   271.76883   287.61224    82.84818   118.92207     0.19199     0.45525     1.22653
   186.48199   271.76883   288.16175    82.94239   118.35581     0.19334     0.45322     1.22653
   187.47922   271.76883   288.79601    83.05228   117.70884     0.19492     0.45087     1.22653
   188.47645   271.76883   289.51182    83.17784   116.98695     0.19672     0.44819     1.22653
   189.47368   271.76883   290.30550    83.31906   116.19647     0.19874     0.44520     1.22653
   190.47091   271.76883   291.17284    83.47593   115.34408     0.20097     0.44190     1.22653
   191.46814   271.76883   292.10914    83.64842   114.43676     0.20342     0.43830     1.22653
   192.46537   271.76883   293.10917    83.83653   113.48167     0.20608     0.43441     1.22653
   193.46260   271.76883   294.16717    84.04022   112.48607     0.20895     0.43025     1.22653
   194.45983   271.76883   295.27686    84.25947   111.45717     0.21203     0.42581     1.22653
   195.45706   271.76883   296.43141    84.49425   110.40212     0.21530     0.42112     1.22653
   196.45429   271.76883   297.62346    84.74451   109.32789     0.21877     0.41619     1.22653
   197.45152   271.76883   298.84513    85.01023   108.24122     0.22242     0.41104     1.22653
   198.44875   271.76883   300.08802    85.29134   107.14858     0.22625     0.40568     1.22653
   199.44598   271.76883   301.34324    85.58781   106.05610     0.23026     0.40014     1.22653
   200.44321   271.76883   302.60143    85.89955   104.96958     0.23443     0.39442     1.22653
   201.44044   271.76883   303.85280    86.22651   103.89443     0.23875     0.38857     1.22653
   202.43767   271.76883   305.08719    86.56861   102.83569     0.24322     0.38259     1.22653
   203.43490   271.76883   306.29409    86.92575   101.79800     0.24781     0.37651     1.22653
   204.43213   271.76883   307.46275    87.29785   100.78562     0.25253     0.37036     1.22653
   205.42936   271.76883   308.58220    87.68478    99.80241     0.25735     0.36417     1.22653
   206.42659   271.76883   309.64139    88.08643    98.85191     0.26226     0.35796     1.22653
   207.42382   271.76883   310.62926    88.50266    97.93725     0.26724     0.35177     1.22653
   208.42105   271.76883   311.53482    88.93333    97.06128     0.27228     0.34561     1.22653
   209.41828   271.76883   312.34731    89.37826    96.22651     0.27736     0.33954     1.22653
   210.41551   271.76883   313.05628    89.83728    95.43517     0.28246     0.33356     1.22653
   211.41274   271.76883   313.65173    90.31018    94.68921     0.28757     0.32773     1.22653
   212.40997   271.76883   314.12421    90.79676    93.99035     0.29266     0.32205     1.22653
   213.40720   271.76883   314.46499    91.29677    93.34008     0.29772     0.31657     1.22653
   214.40443   271.76883   314.66612    91.80996    92.73970     0.30273     0.31132     1.22653
   215.40166   271.76883   314.72057    92.19031    92.33604     0.30632     0.30767     1.22653
   216.39889   271.76883   314.62235    91.69285    92.87471     0.30159     0.31251     1.22653
   217.39612   271.76883   314.36658    91.24812    93.42565     0.29717     0.31725     1.22653
   218.39335   271.76883   313.94958    90.85681    93.98850     0.29307     0.32186     1.22653
   219.39058   271.76883   313.36892    90.51946    94.56288     0.28932     0.32632     1.22653
   220.38781   271.76883   312.62348    90.23652    95.14837     0.28592     0.33063     1.22653
   221.38504   271.76883   311.71347    90.00837    95.74454     0.28290     0.33477     1.22653
   222.38227   271.76883   310.64041    89.83528    96.35092     0.28026     0.33872     1.22653
   223.37950   271.76883   309.40713    89.71746    96.96701     0.27802     0.34248     1.22653
   224.37673   271.76883   308.01775    89.65505    97.59227     0.27618     0.34603     1.22653
   225.37396   271.76883   306.47759    89.64811    98.22613     0.27473     0.34937     1.22653
   226.37119   271.76883   304.79311    89.69666    98.86798     0.27368     0.35248     1.22653
   227.36842   271.76883   302.97180    89.80064    99.51718     0.27302     0.35537     1.22653
   228.36565   271.76883   301.02213    89.95993   100.17307     0.27275     0.35804     1.22653
   229.36288   271.76883   298.95334    90.17434   100.83491     0.27285     0.36047     1.22653
   230.36011   271.76883   296.77543    90.44361   101.50196     0.27331     0.36268     1.22653
   231.35734   271.76883   294.49893    90.76739   102.17343     0.27412     0.36467     1.22653
   232.35457   271.76883   292.13484    91.14526   102.84848     0.27525     0.36643     1.22653
   233.35180   271.76883   289.69446    91.57669   103.52625     0.27670     0.36798     1.22653
   234.34903   271.76883   287.18931    92.06104   104.20583     0.27843     0.36932     1.22653
   235.34626   271.76883   284.63095    92.59753   104.88627     0.28043     0.37046     1.22653
   236.34349   271.76883   282.03092    93.18527   105.56659     0.28267     0.37141     1.22653
   237.34072   271.76883   279.40064    93.82318   106.24578     0.28513     0.37218     1.22653
   238.33795   271.76883   276.75126    94.51002   106.92278     0.28778     0.37277     1.22653
   239.33518   271.76883   274.09367    95.24435   107.59649     0.29061     0.37320     1.22653
   240.33241   271.76883   271.43835    96.02452   108.26581     0.29358     0.37349     1.22653
   241.32964   271.76883   268.79536    96.84864   108.92957     0.29668     0.37363     1.22653
   242.32687   271.76883   266.17429    97.71453   109.58661     0.29988     0.37365     1.22653
   243.32410   271.76883   263.58420    98.61977   110.23571     0.30315     0.37356     1.22653
   244.32133   271.76883   261.03364    99.56159   110.87566     0.30647     0.37336     1.22653
   245.31856   271.76883   258.53060   100.53694   111.50521     0.30983     0.37307     1.22653
   246.31579   271.76883   256.08251   101.54237   112.12310     0.31320     0.37270     1.22653
   247.31302   271.76883   253.69626   102.57412   112.72807     0.31657     0.37226     1.22653
   248.31025   271.76883   251.37819   103.62802   113.31883     0.31991     0.37177     1.22653
   249.30748   271.76883   249.13410   104.69953   113.89411     0.32320     0.37123     1.22653
   250.30471   271.76883   246.96931   105.78370   114.45264     0.32644     0.37065     1.22653
   251.30194   271.76883   244.88860   106.87521   114.99315     0.32960     0.37004     1.22653
   252.29917   271.76883   242.89633   107.96837   115.51438     0.33267     0.36941     1.22653
   253.29640   271.76883   240.99639   109.05713   116.01510     0.33564     0.36877     1.22653
   254.29363   271.76883   239.19228   110.13509   116.49410     0.33849     0.36813     1.22653
   255.29086   271.76883   237.48711   111.19558   116.95020     0.34122     0.36749     1.22653
   256.28809   271.76883   235.88363   112.23168   117.38226     0.34381     0.36687     1.22653
   257.28532   271.76883   234.38427   113.23629   117.78916     0.34626     0.36626     1.22653
   258.28255   271.76883   232.99117   114.20218   118.16986     0.34855     0.36568     1.22653
   259.27978   271.76883   231.70617   115.12212   118.52336     0.35068     0.36512     1.22653
   260.27701   271.76883   230.53090   115.98891   118.84870     0.35264     0.36460     1.22653
   261.27424   271.76883   229.46675   116.79551   119.14502     0.35443     0.36412     1.22653
   262.27147   271.76883   228.51490   117.53515   119.41151     0.35604     0.36368     1.22653
   263.26870   271.76883   227.67636   118.20142   119.64742     0.35746     0.36328     1.22653
   264.26593   271.76883   226.95198   118.78837   119.85210     0.35870     0.36294     1.22653
   265.26316   271.76883   226.34245   119.29065   120.02497     0.35974     0.36264     1.22653
   266.26039   271.76883   225.84833   119.70357   120.16556     0.36059     0.36240     1.22653
   267.25762   271.76883   225.47007   120.02321   120.27345     0.36124     0.36222     1.22653
   268.25485   271.76883   225.20800   120.24650   120.34834     0.36169     0.36209     1.22653
   269.25208   271.76883   225.06233   120.37126   120.39002     0.36194     0.36201     1.22653
   270.24931   271.76883   225.03319   120.39627   120.39836     0.36199     0.36200     1.22653
   271.24654   271.76883   225.12060   120.32129   120.37334     0.36184     0.36204     1.22653
   272.24377   271.76883   225.32450   120.14706   120.31504     0.36149     0.36214     1.22653
   273.24100   271.76883   225.64470   119.87526   120.22361     0.36094     0.36230     1.22653
   274.23823   271.76883   226.08093   119.50854   120.09933     0.36019     0.36252     1.22653
   275.23546   271.76883   226.63282   119.05040   119.94254     0.35924     0.36278     1.22653
   276.23269   271.76883   227.29985   118.50516   119.75370     0.35810     0.36310     1.22653
   277.22992   271.76883   228.08141   117.87784   119.53333     0.35678     0.36347     1.22653
   278.22715   271.76883   228.97672   117.17411   119.28204     0.35526     0.36389     1.22653
   279.22438   271.76883   229.98486   116.40016   119.00054     0.35356     0.36435     1.22653
   280.22161   271.76883   231.10473   115.56260   118.68961     0.35169     0.36486     1.22653
   281.21884   271.76883   232.33505   114.66835   118.35007     0.34964     0.36540     1.22653
   282.21607   271.76883   233.67432   113.72453   117.98285     0.34743     0.36597     1.22653
   283.21330   271.76883   235.12080   112.73837   117.58892     0.34505     0.36656     1.22653
   284.21053   271.76883   236.67250   111.71712   117.16930     0.34253     0.36718     1.22653
   285.20776   271.76883   238.32715   110.66795   116.72509     0.33987     0.36781     1.22653
   286.20499   271.76883   240.08215   109.59787   116.25739     0.33708     0.36845     1.22653
   287.20222   271.76883   241.93459   108.51369   115.76738     0.33417     0.36909     1.22653
   288.19945   271.76883   243.88115   107.42196   115.25625     0.33115     0.36973     1.22653
   289.19668   271.76883   245.91816   106.32888   114.72523     0.32803     0.37034     1.22653
   290.19391   271.76883   248.04148   105.24035   114.17555     0.32483     0.37094     1.22653
   291.19114   271.76883   250.24656   104.16187   113.60849     0.32156     0.37150     1.22653
   292.18837   271.76883   252.52833   103.09858   113.02530     0.31824     0.37202     1.22653
   293.18560   271.76883   254.88125   102.05521   112.42728     0.31489     0.37249     1.22653
   294.18283   271.76883   257.29924   101.03612   111.81569     0.31152     0.37289     1.22653
   295.18006   271.76883   259.77570   100.04528   111.19181     0.30815     0.37322     1.22653
   296.17729   271.76883   262.30347    99.08629   110.55691     0.30481     0.37347     1.22653
   297.17452   271.76883   264.87482    98.16239   109.91223     0.30150     0.37362     1.22653
   298.17175   271.76883   267.48150    97.27651   109.25900     0.29827     0.37366     1.22653
   299.16898   271.76883   270.11470    96.43122   108.59845     0.29512     0.37358     1.22653
   300.16620   271.76883   272.76509    95.62882   107.93177     0.29208     0.37336     1.22653
   301.16343   271.76883   275.42283    94.87135   107.26011     0.28918     0.37301     1.22653
   302.16066   271.76883   278.07765    94.16056   106.58462     0.28643     0.37249     1.22653
   303.15789   271.76883   280.71886    93.49802   105.90640     0.28387     0.37182     1.22653
   304.15512   271.76883   283.33543    92.88506   105.22651     0.28152     0.37096     1.22653
   305.15235   271.76883   285.91605    92.32282   104.54600     0.27940     0.36992     1.22653
   306.14958   271.76883   288.44926    91.81230   103.86587     0.27753     0.36868     1.22653
   307.14681   271.76883   290.92347    91.35432   103.18708     0.27594     0.36723     1.22653
   308.14404   271.76883   293.32713    90.94960   102.51056     0.27465     0.36558     1.22653
   309.14127   271.76883   295.64882    90.59871   101.83719     0.27367     0.36370     1.22653
   310.13850   271.76883   297.87738    90.30213   101.16783     0.27304     0.36161     1.22653
   311.13573   271.76883   300.00201    90.06026   100.50329     0.27275     0.35928     1.22653
   312.13296   271.76883   302.01245    89.87338    99.84433     0.27284     0.35673     1.22653
   313.13019   271.76883   303.89905    89.74173    99.19170     0.27330     0.35396     1.22653
   314.12742   271.76883   305.65294    89.66545    98.54609     0.27415     0.35095     1.22653
   315.12465   271.76883   307.26614    89.64465    97.90816     0.27540     0.34772     1.22653
   316.12188   271.76883   308.73165    89.67933    97.27853     0.27705     0.34428     1.22653
   317.11911   271.76883   310.04357    89.76946    96.65779     0.27909     0.34063     1.22653
   318.11634   271.76883   311.19717    89.91493    96.04649     0.28153     0.33677     1.22653
   319.11357   271.76883   312.18898    90.11558    95.44515     0.28436     0.33273     1.22653
   320.11080   271.76883   313.01682    90.37116    94.85426     0.28757     0.32850     1.22653
   321.10803   271.76883   313.67980    90.68136    94.27427     0.29115     0.32411     1.22653
   322.10526   271.76883   314.17841    91.04575    93.70561     0.29508     0.31957     1.22653
   323.10249   271.76883   314.51441    91.46385    93.14867     0.29934     0.31489     1.22653
   324.09972   271.76883   314.69087    91.93503    92.60382     0.30392     0.31010     1.22653
   325.09695   271.76883   314.71208    92.07141    92.45857     0.30521     0.30879     1.22653
   326.09418   271.76883   314.58347    91.55173    93.03358     0.30024     0.31392     1.22653
   327.09141   271.76883   314.31158    91.04510    93.65906     0.29520     0.31929     1.22653
   328.08864   271.76883   313.90390    90.55178    94.33379     0.29012     0.32487     1.22653
   329.08587   271.76883   313.36880    90.07201    95.05640     0.28502     0.33063     1.22653
   330.08310   271.76883   312.71537    89.60602    95.82528     0.27991     0.33654     1.22653
   331.08033   271.76883   311.95336    89.15402    96.63860     0.27482     0.34256     1.22653
   332.07756   271.76883   311.09300    88.71620    97.49427     0.26975     0.34868     1.22653
   333.07479   271.76883   310.14493    88.29273    98.38991     0.26474     0.35486     1.22653
   334.07202   271.76883   309.12002    87.88377    99.32287     0.25979     0.36107     1.22653
   335.06925   271.76883   308.02932    87.48947   100.29014     0.25492     0.36727     1.22653
   336.06648   271.76883   306.88388    87.10994   101.28839     0.25016     0.37344     1.22653
   337.06371   271.76883   305.69474    86.74531   102.31394     0.24550     0.37956     1.22653
   338.06094   271.76883   304.47277    86.39567   103.36271     0.24097     0.38559     1.22653
   339.05817   271.76883   303.22859    86.06114   104.43026     0.23657     0.39151     1.22653
   340.05540   271.76883   301.97256    85.74177   105.51175     0.23232     0.39730     1.22653
   341.05263   271.76883   300.71466    85.43766   106.60195     0.22824     0.40293     1.22653
   342.04986   271.76883   299.46447    85.14886   107.69525     0.22431     0.40839     1.22653
   343.04709   271.76883   298.23111    84.87544   108.78570     0.22057     0.41364     1.22653
   344.04432   271.76883   297.02323    84.61744   109.86697     0.21701     0.41869     1.22653
   345.04155   271.76883   295.84898    84.37492   110.93247     0.21364     0.42350     1.22653
   346.03878   271.76883   294.71597    84.14790   111.97533     0.21046     0.42806     1.22653
   347.03601   271.76883   293.63130    83.93643   112.98848     0.20749     0.43236     1.22653
   348.03324   271.76883   292.60153    83.74053   113.96473     0.20473     0.43639     1.22653
   349.03047   271.76883   291.63268    83.56022   114.89684     0.20217     0.44014     1.22653
   350.02770   271.76883   290.73024    83.39554   115.77758     0.19983     0.44359     1.22653
   351.02493   271.76883   289.89918    83.24649   116.59988     0.19770     0.44674     1.22653
   352.02216   271.76883   289.14394    83.11310   117.35687     0.19579     0.44957     1.22653
   353.01939   271.76883   288.46847    82.99537   118.04206     0.19410     0.45209     1.22653
   354.01662   271.76883   287.87622    82.89333   118.64937     0.19264     0.45428     1.22653
   355.01385   271.76883   287.37014    82.80696   119.17329     0.19139     0.45614     1.22653
   356.01108   271.76883   286.95272    82.73629   119.60895     0.19038     0.45767     1.22653
   357.00831   271.76883   286.62598    82.68132   119.95223     0.18958     0.45887     1.22653
   358.00554   271.76883   286.39149    82.64206   120.19984     0.18902     0.45972     1.22653
   359.00277   271.76883   286.25035    82.61849   120.34939     0.18868     0.46023     1.22653
   360.00000   271.76883   286.20323    82.61064   120.39940     0.18856     0.46040     1.22653
