      #Energy        TDOS-UP        TDOS-DOWN
     -11.26948      -0.00919       0.00919
     -11.20248      -0.01138       0.01138
     -11.13648      -0.01257       0.01257
     -11.06948       0.00398      -0.00397
     -11.00248       0.05477      -0.05477
     -10.93648       0.14630      -0.14630
     -10.86948       0.26580      -0.26580
     -10.80248       0.38810      -0.38810
     -10.73648       0.49530      -0.49530
     -10.66948       0.58630      -0.58630
     -10.60248       0.66520      -0.66520
     -10.53648       0.72910      -0.72910
     -10.46948       0.77960      -0.77950
     -10.40248       0.83490      -0.83490
     -10.33648       0.90990      -0.90990
     -10.26948       0.98570      -0.98570
     -10.20248       1.02700      -1.02700
     -10.13648       1.04000      -1.04000
     -10.06948       1.08000      -1.08000
     -10.00248       1.17500      -1.17500
      -9.93648       1.27600      -1.27600
      -9.86948       1.32100      -1.32100
      -9.80248       1.32000      -1.32000
      -9.73648       1.33000      -1.33000
      -9.66948       1.38300      -1.38300
      -9.60248       1.47100      -1.47100
      -9.53648       1.57700      -1.57700
      -9.46948       1.67400      -1.67400
      -9.40248       1.71100      -1.71100
      -9.33648       1.67500      -1.67500
      -9.26948       1.63800      -1.63800
      -9.20248       1.70400      -1.70400
      -9.13648       1.88700      -1.88700
      -9.06948       2.07500      -2.07500
      -9.00248       2.13900      -2.13900
      -8.93648       2.07900      -2.07900
      -8.86948       2.01800      -2.01800
      -8.80248       2.07100      -2.07100
      -8.73648       2.23000      -2.23000
      -8.66948       2.39700      -2.39700
      -8.60248       2.49800      -2.49800
      -8.53648       2.55100      -2.55100
      -8.46948       2.62200      -2.62200
      -8.40248       2.71600      -2.71600
      -8.33648       2.79500      -2.79500
      -8.26948       2.90400      -2.90400
      -8.20248       3.18900      -3.18900
      -8.13648       3.74000      -3.74000
      -8.06948       4.47600      -4.47600
      -8.00248       5.19000      -5.19000
      -7.93648       5.71400      -5.71400
      -7.86948       6.03300      -6.03300
      -7.80248       6.21500      -6.21500
      -7.73648       6.23300      -6.23300
      -7.66948       5.96900      -5.96900
      -7.60248       5.44100      -5.44100
      -7.53648       4.90300      -4.90300
      -7.46948       4.63600      -4.63600
      -7.40248       4.80100      -4.80100
      -7.33648       5.53100      -5.53100
      -7.26948       6.90400      -6.90400
      -7.20248       8.69300      -8.69300
      -7.13648      10.40000     -10.40000
      -7.06948      11.63000     -11.63000
      -7.00248      12.39000     -12.39000
      -6.93648      12.77000     -12.77000
      -6.86948      12.73000     -12.73000
      -6.80248      12.17000     -12.17000
      -6.73648      11.13000     -11.13000
      -6.66948       9.87200      -9.87200
      -6.60248       8.71500      -8.71500
      -6.53648       7.97300      -7.97300
      -6.46948       7.95500      -7.95500
      -6.40248       9.00900      -9.00900
      -6.33648      11.42000     -11.42000
      -6.26948      15.04000     -15.04000
      -6.20248      18.92000     -18.92000
      -6.13648      21.50000     -21.50000
      -6.06948      21.76000     -21.76000
      -6.00248      20.13000     -20.13000
      -5.93648      18.11000     -18.11000
      -5.86948      17.09000     -17.09000
      -5.80248      17.50000     -17.50000
      -5.73648      19.04000     -19.04000
      -5.66948      21.08000     -21.08000
      -5.60248      23.07000     -23.07000
      -5.53648      24.56000     -24.56000
      -5.46948      25.03000     -25.03000
      -5.40248      24.12000     -24.12000
      -5.33648      22.10000     -22.10000
      -5.26948      19.85000     -19.85000
      -5.20248      18.18000     -18.18000
      -5.13648      17.24000     -17.24000
      -5.06948      16.56000     -16.56000
      -5.00248      15.73000     -15.73000
      -4.93648      14.85000     -14.85000
      -4.86948      14.49000     -14.49000
      -4.80248      14.97000     -14.97000
      -4.73648      16.02000     -16.02000
      -4.66948      16.96000     -16.96000
      -4.60248      17.43000     -17.43000
      -4.53648      17.63000     -17.63000
      -4.46948      18.04000     -18.04000
      -4.40248      18.88000     -18.88000
      -4.33648      20.01000     -20.01000
      -4.26948      21.25000     -21.25000
      -4.20248      22.57000     -22.57000
      -4.13648      23.93000     -23.93000
      -4.06948      25.04000     -25.04000
      -4.00248      25.37000     -25.37000
      -3.93648      24.58000     -24.58000
      -3.86948      22.92000     -22.92000
      -3.80248      20.91000     -20.91000
      -3.73648      18.83000     -18.83000
      -3.66948      16.65000     -16.65000
      -3.60248      14.43000     -14.43000
      -3.53648      12.57000     -12.57000
      -3.46948      11.54000     -11.54000
      -3.40248      11.46000     -11.46000
      -3.33648      11.98000     -11.98000
      -3.26948      12.47000     -12.47000
      -3.20248      12.51000     -12.51000
      -3.13648      12.15000     -12.15000
      -3.06948      11.75000     -11.75000
      -3.00248      11.78000     -11.78000
      -2.93648      12.52000     -12.52000
      -2.86948      13.95000     -13.95000
      -2.80248      15.68000     -15.68000
      -2.73648      17.24000     -17.24000
      -2.66948      18.45000     -18.45000
      -2.60248      19.46000     -19.46000
      -2.53648      20.64000     -20.64000
      -2.46948      22.40000     -22.40000
      -2.40248      24.76000     -24.76000
      -2.33648      27.05000     -27.05000
      -2.26948      28.24000     -28.24000
      -2.20248      27.83000     -27.83000
      -2.13648      26.29000     -26.29000
      -2.06948      24.72000     -24.72000
      -2.00248      23.98000     -23.98000
      -1.93648      24.24000     -24.24000
      -1.86948      25.17000     -25.17000
      -1.80248      26.30000     -26.30000
      -1.73648      26.95000     -26.95000
      -1.66948      26.26000     -26.26000
      -1.60248      23.86000     -23.86000
      -1.53648      20.44000     -20.44000
      -1.46948      17.21000     -17.21000
      -1.40248      14.92000     -14.92000
      -1.33648      13.66000     -13.66000
      -1.26948      13.20000     -13.20000
      -1.20248      13.29000     -13.29000
      -1.13648      13.87000     -13.87000
      -1.06948      14.86000     -14.86000
      -1.00248      16.00000     -16.00000
      -0.93648      16.75000     -16.75000
      -0.86948      16.55000     -16.55000
      -0.80248      15.23000     -15.23000
      -0.73648      13.18000     -13.18000
      -0.66948      11.07000     -11.07000
      -0.60248       9.41300      -9.41300
      -0.53648       8.50200      -8.50200
      -0.46948       8.35100      -8.35100
      -0.40248       8.64500      -8.64600
      -0.33648       8.97400      -8.97400
      -0.26948       9.21100      -9.21100
      -0.20248       9.54100      -9.54100
      -0.13648      10.12000     -10.12000
      -0.06948      10.79000     -10.79000
      -0.00248      11.16000     -11.16000
       0.06352      10.87000     -10.87000
       0.13052       9.89300      -9.89300
       0.19752       8.57300      -8.57300
       0.26352       7.31100      -7.31100
       0.33052       6.26500      -6.26500
       0.39752       5.38000      -5.38000
       0.46352       4.62400      -4.62400
       0.53052       4.01000      -4.01000
       0.59752       3.46000      -3.45900
       0.66352       2.84300      -2.84300
       0.73052       2.16600      -2.16600
       0.79752       1.59000      -1.59000
       0.86352       1.25600      -1.25600
       0.93052       1.18100      -1.18100
       0.99752       1.29200      -1.29200
       1.06352       1.49900      -1.49900
       1.13052       1.72500      -1.72500
       1.19752       1.94200      -1.94200
       1.26352       2.18500      -2.18500
       1.33052       2.49200      -2.49200
       1.39752       2.82700      -2.82700
       1.46352       3.14700      -3.14700
       1.53052       3.59200      -3.59200
       1.59752       4.54500      -4.54500
       1.66352       6.32400      -6.32400
       1.73052       8.66200      -8.66200
       1.79752      10.62000     -10.62000
       1.86352      11.30000     -11.30000
       1.93052      10.65000     -10.65000
       1.99752       9.38200      -9.38100
       2.06352       8.11500      -8.11500
       2.13052       7.04000      -7.04000
       2.19752       6.19800      -6.19800
       2.26352       5.69500      -5.69500
       2.33052       5.57800      -5.57800
       2.39752       5.71300      -5.71300
       2.46352       5.83900      -5.83900
       2.53052       5.72100      -5.72100
       2.59752       5.31500      -5.31500
       2.66352       4.80900      -4.80900
       2.73052       4.43100      -4.43100
       2.79752       4.25600      -4.25600
       2.86352       4.23100      -4.23100
       2.93052       4.30000      -4.30000
       2.99752       4.40800      -4.40800
       3.06352       4.43600      -4.43600
       3.13052       4.27900      -4.27900
       3.19752       3.99800      -3.99800
       3.26352       3.79700      -3.79700
       3.33052       3.76600      -3.76600
       3.39752       3.72400      -3.72400
       3.46352       3.45600      -3.45600
       3.53052       3.07400      -3.07400
       3.59752       2.93400      -2.93400
       3.66352       3.19200      -3.19200
       3.73052       3.67700      -3.67700
       3.79752       4.21600      -4.21600
       3.86352       4.84400      -4.84400
       3.93052       5.60700      -5.60700
       3.99752       6.37600      -6.37600
       4.06352       6.92700      -6.92700
       4.13052       7.06200      -7.06200
       4.19752       6.69500      -6.69500
       4.26352       5.95200      -5.95200
       4.33052       5.14900      -5.14900
       4.39752       4.58300      -4.58300
       4.46352       4.41800      -4.41800
       4.53052       4.74800      -4.74800
       4.59752       5.55500      -5.55500
       4.66352       6.53800      -6.53800
       4.73052       7.19000      -7.19000
       4.79752       7.20600      -7.20600
       4.86352       6.79100      -6.79100
       4.93052       6.45700      -6.45700
       4.99752       6.48500      -6.48500
       5.06352       6.65700      -6.65700
       5.13052       6.54000      -6.54000
       5.19752       5.98500      -5.98500
       5.26352       5.30500      -5.30500
       5.33052       4.93000      -4.93000
       5.39752       4.93100      -4.93100
       5.46352       5.02600      -5.02600
       5.53052       5.01700      -5.01700
       5.59752       4.99900      -4.99900
       5.66352       5.10000      -5.10000
       5.73052       5.24100      -5.24100
       5.79752       5.27700      -5.27700
       5.86352       5.20500      -5.20500
       5.93052       5.14500      -5.14500
       5.99752       5.18200      -5.18200
       6.06352       5.30900      -5.30900
       6.13052       5.48400      -5.48300
       6.19752       5.66900      -5.66900
       6.26352       5.79300      -5.79300
       6.33052       5.75900      -5.75900
       6.39752       5.57200      -5.57200
       6.46352       5.39200      -5.39200
       6.53052       5.34000      -5.34000
       6.59752       5.38200      -5.38200
       6.66352       5.42100      -5.42100
       6.73052       5.36700      -5.36700
       6.79752       5.15000      -5.15000
       6.86352       4.80300      -4.80300
       6.93052       4.51200      -4.51200
       6.99752       4.49400      -4.49400
       7.06352       4.88600      -4.88600
       7.13052       5.69600      -5.69600
       7.19752       6.68700      -6.68700
       7.26352       7.38500      -7.38500
       7.33052       7.41200      -7.41200
       7.39752       6.80800      -6.80800
       7.46352       5.90700      -5.90700
       7.53052       5.04700      -5.04700
       7.59752       4.53100      -4.53100
       7.66352       4.70100      -4.70100
       7.73052       5.67900      -5.67900
       7.79752       7.05300      -7.05300
       7.86352       8.14200      -8.14100
       7.93052       8.64400      -8.64300
       7.99752       8.74700      -8.74500
       8.06352       8.58400      -8.58300
       8.13052       7.95800      -7.96000
       8.19752       6.75900      -6.76400
       8.26352       5.36800      -5.37400
       8.33052       4.47300      -4.47100
       8.39752       4.49600      -4.48000
       8.46352       5.23600      -5.21000
       8.53052       6.05200      -6.03000
       8.59752       6.47200      -6.46400
       8.66352       6.55400      -6.55300
       8.73052       6.57200      -6.56500
